origin_date,target,target_end_date,horizon,location,output_type,output_type_id,value
2025-05-21,ILI incidence,2025-05-04,-1,BE,quantile,0.01,37.41407018736436
2025-05-21,ILI incidence,2025-05-11,0,BE,quantile,0.01,35.55752126002032
2025-05-21,ILI incidence,2025-05-18,1,BE,quantile,0.01,29.343236901536454
2025-05-21,ILI incidence,2025-05-25,2,BE,quantile,0.01,23.761242557303408
2025-05-21,ILI incidence,2025-06-01,3,BE,quantile,0.01,20.3545155035038
2025-05-21,ILI incidence,2025-06-08,4,BE,quantile,0.01,17.86505748763355
2025-05-21,ILI incidence,2025-05-04,-1,BE,quantile,0.025,38.49069369499701
2025-05-21,ILI incidence,2025-05-11,0,BE,quantile,0.025,35.98355159130166
2025-05-21,ILI incidence,2025-05-18,1,BE,quantile,0.025,31.535061223871185
2025-05-21,ILI incidence,2025-05-25,2,BE,quantile,0.025,27.15529200579696
2025-05-21,ILI incidence,2025-06-01,3,BE,quantile,0.025,23.5535984555098
2025-05-21,ILI incidence,2025-06-08,4,BE,quantile,0.025,21.61924012755843
2025-05-21,ILI incidence,2025-05-04,-1,BE,quantile,0.05,40.1974401160895
2025-05-21,ILI incidence,2025-05-11,0,BE,quantile,0.05,36.45211260111049
2025-05-21,ILI incidence,2025-05-18,1,BE,quantile,0.05,32.89559767303504
2025-05-21,ILI incidence,2025-05-25,2,BE,quantile,0.05,29.29768382555214
2025-05-21,ILI incidence,2025-06-01,3,BE,quantile,0.05,26.858699394833565
2025-05-21,ILI incidence,2025-06-08,4,BE,quantile,0.05,25.127984038654656
2025-05-21,ILI incidence,2025-05-04,-1,BE,quantile,0.1,42.12779366585932
2025-05-21,ILI incidence,2025-05-11,0,BE,quantile,0.1,37.89348275975099
2025-05-21,ILI incidence,2025-05-18,1,BE,quantile,0.1,35.05629963924569
2025-05-21,ILI incidence,2025-05-25,2,BE,quantile,0.1,32.54789494729352
2025-05-21,ILI incidence,2025-06-01,3,BE,quantile,0.1,31.02518446995399
2025-05-21,ILI incidence,2025-06-08,4,BE,quantile,0.1,29.89940263881889
2025-05-21,ILI incidence,2025-05-04,-1,BE,quantile,0.15,43.72112824800076
2025-05-21,ILI incidence,2025-05-11,0,BE,quantile,0.15,39.289027286645336
2025-05-21,ILI incidence,2025-05-18,1,BE,quantile,0.15,36.43763365163053
2025-05-21,ILI incidence,2025-05-25,2,BE,quantile,0.15,34.67167756337522
2025-05-21,ILI incidence,2025-06-01,3,BE,quantile,0.15,33.561382873917445
2025-05-21,ILI incidence,2025-06-08,4,BE,quantile,0.15,32.86156749332974
2025-05-21,ILI incidence,2025-05-04,-1,BE,quantile,0.2,45.30482860157117
2025-05-21,ILI incidence,2025-05-11,0,BE,quantile,0.2,40.8500342882607
2025-05-21,ILI incidence,2025-05-18,1,BE,quantile,0.2,37.902030096005
2025-05-21,ILI incidence,2025-05-25,2,BE,quantile,0.2,36.123160077153294
2025-05-21,ILI incidence,2025-06-01,3,BE,quantile,0.2,35.37741285581557
2025-05-21,ILI incidence,2025-06-08,4,BE,quantile,0.2,34.83529933597864
2025-05-21,ILI incidence,2025-05-04,-1,BE,quantile,0.25,47.14844564348792
2025-05-21,ILI incidence,2025-05-11,0,BE,quantile,0.25,42.23247858191925
2025-05-21,ILI incidence,2025-05-18,1,BE,quantile,0.25,39.21690449233803
2025-05-21,ILI incidence,2025-05-25,2,BE,quantile,0.25,37.581826547531776
2025-05-21,ILI incidence,2025-06-01,3,BE,quantile,0.25,36.732246224698045
2025-05-21,ILI incidence,2025-06-08,4,BE,quantile,0.25,36.21993068033101
2025-05-21,ILI incidence,2025-05-04,-1,BE,quantile,0.3,48.690704945660215
2025-05-21,ILI incidence,2025-05-11,0,BE,quantile,0.3,43.788790228924
2025-05-21,ILI incidence,2025-05-18,1,BE,quantile,0.3,40.564719666440766
2025-05-21,ILI incidence,2025-05-25,2,BE,quantile,0.3,38.972337490422255
2025-05-21,ILI incidence,2025-06-01,3,BE,quantile,0.3,38.00825694537896
2025-05-21,ILI incidence,2025-06-08,4,BE,quantile,0.3,37.574756502121375
2025-05-21,ILI incidence,2025-05-04,-1,BE,quantile,0.35,50.26423771577279
2025-05-21,ILI incidence,2025-05-11,0,BE,quantile,0.35,45.35843969731986
2025-05-21,ILI incidence,2025-05-18,1,BE,quantile,0.35,42.18724448735614
2025-05-21,ILI incidence,2025-05-25,2,BE,quantile,0.35,40.37029533472087
2025-05-21,ILI incidence,2025-06-01,3,BE,quantile,0.35,39.40140361915848
2025-05-21,ILI incidence,2025-06-08,4,BE,quantile,0.35,39.01532595328507
2025-05-21,ILI incidence,2025-05-04,-1,BE,quantile,0.4,51.79300744355287
2025-05-21,ILI incidence,2025-05-11,0,BE,quantile,0.4,46.84051551472406
2025-05-21,ILI incidence,2025-05-18,1,BE,quantile,0.4,43.730555459571896
2025-05-21,ILI incidence,2025-05-25,2,BE,quantile,0.4,41.97452772305725
2025-05-21,ILI incidence,2025-06-01,3,BE,quantile,0.4,41.15935108025804
2025-05-21,ILI incidence,2025-06-08,4,BE,quantile,0.4,40.53651726701025
2025-05-21,ILI incidence,2025-05-04,-1,BE,quantile,0.45,53.079070820259766
2025-05-21,ILI incidence,2025-05-11,0,BE,quantile,0.45,48.28960518252356
2025-05-21,ILI incidence,2025-05-18,1,BE,quantile,0.45,45.08073648584067
2025-05-21,ILI incidence,2025-05-25,2,BE,quantile,0.45,43.669411127990415
2025-05-21,ILI incidence,2025-06-01,3,BE,quantile,0.45,42.63842771867591
2025-05-21,ILI incidence,2025-06-08,4,BE,quantile,0.45,42.11807919382985
2025-05-21,ILI incidence,2025-05-04,-1,BE,quantile,0.5,54.51615164279875
2025-05-21,ILI incidence,2025-05-11,0,BE,quantile,0.5,49.64284023293968
2025-05-21,ILI incidence,2025-05-18,1,BE,quantile,0.5,46.76421067266088
2025-05-21,ILI incidence,2025-05-25,2,BE,quantile,0.5,45.16683483046592
2025-05-21,ILI incidence,2025-06-01,3,BE,quantile,0.5,44.451276618476015
2025-05-21,ILI incidence,2025-06-08,4,BE,quantile,0.5,44.0719855155422
2025-05-21,ILI incidence,2025-05-04,-1,BE,quantile,0.55,55.99654678112795
2025-05-21,ILI incidence,2025-05-11,0,BE,quantile,0.55,51.04257478639892
2025-05-21,ILI incidence,2025-05-18,1,BE,quantile,0.55,48.229500786258086
2025-05-21,ILI incidence,2025-05-25,2,BE,quantile,0.55,46.78130781484855
2025-05-21,ILI incidence,2025-06-01,3,BE,quantile,0.55,45.82037492633166
2025-05-21,ILI incidence,2025-06-08,4,BE,quantile,0.55,45.52187410672847
2025-05-21,ILI incidence,2025-05-04,-1,BE,quantile,0.6,57.15492497638279
2025-05-21,ILI incidence,2025-05-11,0,BE,quantile,0.6,52.34168015490213
2025-05-21,ILI incidence,2025-05-18,1,BE,quantile,0.6,49.66859692577429
2025-05-21,ILI incidence,2025-05-25,2,BE,quantile,0.6,48.12937540761941
2025-05-21,ILI incidence,2025-06-01,3,BE,quantile,0.6,47.51242856329052
2025-05-21,ILI incidence,2025-06-08,4,BE,quantile,0.6,47.14587755461661
2025-05-21,ILI incidence,2025-05-04,-1,BE,quantile,0.65,58.41109862023492
2025-05-21,ILI incidence,2025-05-11,0,BE,quantile,0.65,53.75760573751373
2025-05-21,ILI incidence,2025-05-18,1,BE,quantile,0.65,51.032145147854855
2025-05-21,ILI incidence,2025-05-25,2,BE,quantile,0.65,49.74213341734007
2025-05-21,ILI incidence,2025-06-01,3,BE,quantile,0.65,48.96165030775451
2025-05-21,ILI incidence,2025-06-08,4,BE,quantile,0.65,48.64149797693038
2025-05-21,ILI incidence,2025-05-04,-1,BE,quantile,0.7,59.98587850819524
2025-05-21,ILI incidence,2025-05-11,0,BE,quantile,0.7,55.079396651628095
2025-05-21,ILI incidence,2025-05-18,1,BE,quantile,0.7,52.4316491891873
2025-05-21,ILI incidence,2025-05-25,2,BE,quantile,0.7,51.384713613435295
2025-05-21,ILI incidence,2025-06-01,3,BE,quantile,0.7,50.59185956823115
2025-05-21,ILI incidence,2025-06-08,4,BE,quantile,0.7,50.32903732562837
2025-05-21,ILI incidence,2025-05-04,-1,BE,quantile,0.75,61.52160199024063
2025-05-21,ILI incidence,2025-05-11,0,BE,quantile,0.75,56.512168179505686
2025-05-21,ILI incidence,2025-05-18,1,BE,quantile,0.75,54.042093717539785
2025-05-21,ILI incidence,2025-05-25,2,BE,quantile,0.75,52.74141906515467
2025-05-21,ILI incidence,2025-06-01,3,BE,quantile,0.75,52.14073851479853
2025-05-21,ILI incidence,2025-06-08,4,BE,quantile,0.75,51.93678198163899
2025-05-21,ILI incidence,2025-05-04,-1,BE,quantile,0.8,63.3121690714495
2025-05-21,ILI incidence,2025-05-11,0,BE,quantile,0.8,58.2086182813957
2025-05-21,ILI incidence,2025-05-18,1,BE,quantile,0.8,55.80408470603635
2025-05-21,ILI incidence,2025-05-25,2,BE,quantile,0.8,54.63817113142112
2025-05-21,ILI incidence,2025-06-01,3,BE,quantile,0.8,54.14198835158064
2025-05-21,ILI incidence,2025-06-08,4,BE,quantile,0.8,53.79567379987887
2025-05-21,ILI incidence,2025-05-04,-1,BE,quantile,0.85,64.9862897539506
2025-05-21,ILI incidence,2025-05-11,0,BE,quantile,0.85,60.16264416103946
2025-05-21,ILI incidence,2025-05-18,1,BE,quantile,0.85,57.49856628144891
2025-05-21,ILI incidence,2025-05-25,2,BE,quantile,0.85,56.31071461299643
2025-05-21,ILI incidence,2025-06-01,3,BE,quantile,0.85,55.871856682998846
2025-05-21,ILI incidence,2025-06-08,4,BE,quantile,0.85,55.688572686078814
2025-05-21,ILI incidence,2025-05-04,-1,BE,quantile,0.9,66.99535950839625
2025-05-21,ILI incidence,2025-05-11,0,BE,quantile,0.9,61.95263445222621
2025-05-21,ILI incidence,2025-05-18,1,BE,quantile,0.9,59.5504941564612
2025-05-21,ILI incidence,2025-05-25,2,BE,quantile,0.9,58.59300726754329
2025-05-21,ILI incidence,2025-06-01,3,BE,quantile,0.9,58.0742264625631
2025-05-21,ILI incidence,2025-06-08,4,BE,quantile,0.9,57.888478023306526
2025-05-21,ILI incidence,2025-05-04,-1,BE,quantile,0.95,69.38845888544019
2025-05-21,ILI incidence,2025-05-11,0,BE,quantile,0.95,63.695955330494414
2025-05-21,ILI incidence,2025-05-18,1,BE,quantile,0.95,61.81523530430115
2025-05-21,ILI incidence,2025-05-25,2,BE,quantile,0.95,61.1095283285477
2025-05-21,ILI incidence,2025-06-01,3,BE,quantile,0.95,60.87721487370161
2025-05-21,ILI incidence,2025-06-08,4,BE,quantile,0.95,60.71907046767734
2025-05-21,ILI incidence,2025-05-04,-1,BE,quantile,0.975,71.3879896417483
2025-05-21,ILI incidence,2025-05-11,0,BE,quantile,0.975,64.69385259018796
2025-05-21,ILI incidence,2025-05-18,1,BE,quantile,0.975,62.9709611418664
2025-05-21,ILI incidence,2025-05-25,2,BE,quantile,0.975,62.37068803158658
2025-05-21,ILI incidence,2025-06-01,3,BE,quantile,0.975,62.18595781238055
2025-05-21,ILI incidence,2025-06-08,4,BE,quantile,0.975,62.05927061546493
2025-05-21,ILI incidence,2025-05-04,-1,BE,quantile,0.99,74.98852021102003
2025-05-21,ILI incidence,2025-05-11,0,BE,quantile,0.99,65.11268350746032
2025-05-21,ILI incidence,2025-05-18,1,BE,quantile,0.99,63.8547778564784
2025-05-21,ILI incidence,2025-05-25,2,BE,quantile,0.99,63.652511244658776
2025-05-21,ILI incidence,2025-06-01,3,BE,quantile,0.99,63.49364958354786
2025-05-21,ILI incidence,2025-06-08,4,BE,quantile,0.99,63.444716547795565
2025-05-21,ILI incidence,2025-05-04,-1,CZ,quantile,0.01,6.595626243685662
2025-05-21,ILI incidence,2025-05-11,0,CZ,quantile,0.01,4.507926523672926
2025-05-21,ILI incidence,2025-05-18,1,CZ,quantile,0.01,2.706063572287841
2025-05-21,ILI incidence,2025-05-25,2,CZ,quantile,0.01,1.492098886613555
2025-05-21,ILI incidence,2025-06-01,3,CZ,quantile,0.01,0.8342105630519824
2025-05-21,ILI incidence,2025-06-08,4,CZ,quantile,0.01,0.4317808890614295
2025-05-21,ILI incidence,2025-05-04,-1,CZ,quantile,0.025,6.819304128102945
2025-05-21,ILI incidence,2025-05-11,0,CZ,quantile,0.025,4.553318393278609
2025-05-21,ILI incidence,2025-05-18,1,CZ,quantile,0.025,2.7705470296815142
2025-05-21,ILI incidence,2025-05-25,2,CZ,quantile,0.025,1.6066957906182942
2025-05-21,ILI incidence,2025-06-01,3,CZ,quantile,0.025,0.9013651488704636
2025-05-21,ILI incidence,2025-06-08,4,CZ,quantile,0.025,0.5272388267789798
2025-05-21,ILI incidence,2025-05-04,-1,CZ,quantile,0.05,7.0680389354539335
2025-05-21,ILI incidence,2025-05-11,0,CZ,quantile,0.05,4.633406786568002
2025-05-21,ILI incidence,2025-05-18,1,CZ,quantile,0.05,2.856649435540726
2025-05-21,ILI incidence,2025-05-25,2,CZ,quantile,0.05,1.6939435276590773
2025-05-21,ILI incidence,2025-06-01,3,CZ,quantile,0.05,0.9799827718757872
2025-05-21,ILI incidence,2025-06-08,4,CZ,quantile,0.05,0.5775771998404807
2025-05-21,ILI incidence,2025-05-04,-1,CZ,quantile,0.1,7.419731582582335
2025-05-21,ILI incidence,2025-05-11,0,CZ,quantile,0.1,4.812215837072865
2025-05-21,ILI incidence,2025-05-18,1,CZ,quantile,0.1,3.033924526373366
2025-05-21,ILI incidence,2025-05-25,2,CZ,quantile,0.1,1.8457644908231368
2025-05-21,ILI incidence,2025-06-01,3,CZ,quantile,0.1,1.1130291211745622
2025-05-21,ILI incidence,2025-06-08,4,CZ,quantile,0.1,0.688859657125937
2025-05-21,ILI incidence,2025-05-04,-1,CZ,quantile,0.15,7.6513853833857395
2025-05-21,ILI incidence,2025-05-11,0,CZ,quantile,0.15,4.960268443822183
2025-05-21,ILI incidence,2025-05-18,1,CZ,quantile,0.15,3.168734159324744
2025-05-21,ILI incidence,2025-05-25,2,CZ,quantile,0.15,1.9611065082129384
2025-05-21,ILI incidence,2025-06-01,3,CZ,quantile,0.15,1.1990570563313383
2025-05-21,ILI incidence,2025-06-08,4,CZ,quantile,0.15,0.7478323650330156
2025-05-21,ILI incidence,2025-05-04,-1,CZ,quantile,0.2,7.896449496269978
2025-05-21,ILI incidence,2025-05-11,0,CZ,quantile,0.2,5.186578882303991
2025-05-21,ILI incidence,2025-05-18,1,CZ,quantile,0.2,3.272113112994064
2025-05-21,ILI incidence,2025-05-25,2,CZ,quantile,0.2,2.042559061539613
2025-05-21,ILI incidence,2025-06-01,3,CZ,quantile,0.2,1.265469486888373
2025-05-21,ILI incidence,2025-06-08,4,CZ,quantile,0.2,0.7973140853115708
2025-05-21,ILI incidence,2025-05-04,-1,CZ,quantile,0.25,8.129753378998792
2025-05-21,ILI incidence,2025-05-11,0,CZ,quantile,0.25,5.3657209777184285
2025-05-21,ILI incidence,2025-05-18,1,CZ,quantile,0.25,3.3821677934920737
2025-05-21,ILI incidence,2025-05-25,2,CZ,quantile,0.25,2.128203737942989
2025-05-21,ILI incidence,2025-06-01,3,CZ,quantile,0.25,1.3095594468763443
2025-05-21,ILI incidence,2025-06-08,4,CZ,quantile,0.25,0.8379292172163199
2025-05-21,ILI incidence,2025-05-04,-1,CZ,quantile,0.3,8.36702436072841
2025-05-21,ILI incidence,2025-05-11,0,CZ,quantile,0.3,5.505649939046463
2025-05-21,ILI incidence,2025-05-18,1,CZ,quantile,0.3,3.503850206125139
2025-05-21,ILI incidence,2025-05-25,2,CZ,quantile,0.3,2.209057358202311
2025-05-21,ILI incidence,2025-06-01,3,CZ,quantile,0.3,1.388602664570253
2025-05-21,ILI incidence,2025-06-08,4,CZ,quantile,0.3,0.8877461834035831
2025-05-21,ILI incidence,2025-05-04,-1,CZ,quantile,0.35,8.633199023216232
2025-05-21,ILI incidence,2025-05-11,0,CZ,quantile,0.35,5.648567767938997
2025-05-21,ILI incidence,2025-05-18,1,CZ,quantile,0.35,3.640780671565913
2025-05-21,ILI incidence,2025-05-25,2,CZ,quantile,0.35,2.29813160859868
2025-05-21,ILI incidence,2025-06-01,3,CZ,quantile,0.35,1.4427979944946463
2025-05-21,ILI incidence,2025-06-08,4,CZ,quantile,0.35,0.9294024178585096
2025-05-21,ILI incidence,2025-05-04,-1,CZ,quantile,0.4,8.881010634807657
2025-05-21,ILI incidence,2025-05-11,0,CZ,quantile,0.4,5.810610669230173
2025-05-21,ILI incidence,2025-05-18,1,CZ,quantile,0.4,3.761551264871029
2025-05-21,ILI incidence,2025-05-25,2,CZ,quantile,0.4,2.377860679707483
2025-05-21,ILI incidence,2025-06-01,3,CZ,quantile,0.4,1.5114463195471723
2025-05-21,ILI incidence,2025-06-08,4,CZ,quantile,0.4,0.969597581850473
2025-05-21,ILI incidence,2025-05-04,-1,CZ,quantile,0.45,9.135707172827496
2025-05-21,ILI incidence,2025-05-11,0,CZ,quantile,0.45,5.997158004309614
2025-05-21,ILI incidence,2025-05-18,1,CZ,quantile,0.45,3.8627451672127178
2025-05-21,ILI incidence,2025-05-25,2,CZ,quantile,0.45,2.4704685003566174
2025-05-21,ILI incidence,2025-06-01,3,CZ,quantile,0.45,1.574138265769564
2025-05-21,ILI incidence,2025-06-08,4,CZ,quantile,0.45,1.0145671318917284
2025-05-21,ILI incidence,2025-05-04,-1,CZ,quantile,0.5,9.428816041961849
2025-05-21,ILI incidence,2025-05-11,0,CZ,quantile,0.5,6.20117785644398
2025-05-21,ILI incidence,2025-05-18,1,CZ,quantile,0.5,4.028506465364421
2025-05-21,ILI incidence,2025-05-25,2,CZ,quantile,0.5,2.5731091504283565
2025-05-21,ILI incidence,2025-06-01,3,CZ,quantile,0.5,1.6364149206339056
2025-05-21,ILI incidence,2025-06-08,4,CZ,quantile,0.5,1.0650208143521709
2025-05-21,ILI incidence,2025-05-04,-1,CZ,quantile,0.55,9.626419846091014
2025-05-21,ILI incidence,2025-05-11,0,CZ,quantile,0.55,6.381454329393345
2025-05-21,ILI incidence,2025-05-18,1,CZ,quantile,0.55,4.193344255728612
2025-05-21,ILI incidence,2025-05-25,2,CZ,quantile,0.55,2.6830034858846767
2025-05-21,ILI incidence,2025-06-01,3,CZ,quantile,0.55,1.7063257820805555
2025-05-21,ILI incidence,2025-06-08,4,CZ,quantile,0.55,1.1090724886753736
2025-05-21,ILI incidence,2025-05-04,-1,CZ,quantile,0.6,9.854825993275693
2025-05-21,ILI incidence,2025-05-11,0,CZ,quantile,0.6,6.588546147356293
2025-05-21,ILI incidence,2025-05-18,1,CZ,quantile,0.6,4.3329254085614215
2025-05-21,ILI incidence,2025-05-25,2,CZ,quantile,0.6,2.787431609260388
2025-05-21,ILI incidence,2025-06-01,3,CZ,quantile,0.6,1.781122301623499
2025-05-21,ILI incidence,2025-06-08,4,CZ,quantile,0.6,1.1683431823764234
2025-05-21,ILI incidence,2025-05-04,-1,CZ,quantile,0.65,10.119005170788892
2025-05-21,ILI incidence,2025-05-11,0,CZ,quantile,0.65,6.83033832839443
2025-05-21,ILI incidence,2025-05-18,1,CZ,quantile,0.65,4.460439930295885
2025-05-21,ILI incidence,2025-05-25,2,CZ,quantile,0.65,2.875347475396414
2025-05-21,ILI incidence,2025-06-01,3,CZ,quantile,0.65,1.8669889805859865
2025-05-21,ILI incidence,2025-06-08,4,CZ,quantile,0.65,1.2289192350527476
2025-05-21,ILI incidence,2025-05-04,-1,CZ,quantile,0.7,10.394214970838036
2025-05-21,ILI incidence,2025-05-11,0,CZ,quantile,0.7,7.042899146164102
2025-05-21,ILI incidence,2025-05-18,1,CZ,quantile,0.7,4.625103448386894
2025-05-21,ILI incidence,2025-05-25,2,CZ,quantile,0.7,3.0029184543969007
2025-05-21,ILI incidence,2025-06-01,3,CZ,quantile,0.7,1.9667461362653305
2025-05-21,ILI incidence,2025-06-08,4,CZ,quantile,0.7,1.2915590059119646
2025-05-21,ILI incidence,2025-05-04,-1,CZ,quantile,0.75,10.639874347122149
2025-05-21,ILI incidence,2025-05-11,0,CZ,quantile,0.75,7.278148369082032
2025-05-21,ILI incidence,2025-05-18,1,CZ,quantile,0.75,4.808899074507822
2025-05-21,ILI incidence,2025-05-25,2,CZ,quantile,0.75,3.1277709012087254
2025-05-21,ILI incidence,2025-06-01,3,CZ,quantile,0.75,2.061432336559889
2025-05-21,ILI incidence,2025-06-08,4,CZ,quantile,0.75,1.355188142677178
2025-05-21,ILI incidence,2025-05-04,-1,CZ,quantile,0.8,10.954786698232216
2025-05-21,ILI incidence,2025-05-11,0,CZ,quantile,0.8,7.476285275196502
2025-05-21,ILI incidence,2025-05-18,1,CZ,quantile,0.8,4.974678636306073
2025-05-21,ILI incidence,2025-05-25,2,CZ,quantile,0.8,3.258593816443635
2025-05-21,ILI incidence,2025-06-01,3,CZ,quantile,0.8,2.139631835005208
2025-05-21,ILI incidence,2025-06-08,4,CZ,quantile,0.8,1.4311300772389517
2025-05-21,ILI incidence,2025-05-04,-1,CZ,quantile,0.85,11.313632548478214
2025-05-21,ILI incidence,2025-05-11,0,CZ,quantile,0.85,7.6941539553621565
2025-05-21,ILI incidence,2025-05-18,1,CZ,quantile,0.85,5.139314170091885
2025-05-21,ILI incidence,2025-05-25,2,CZ,quantile,0.85,3.4056651906685587
2025-05-21,ILI incidence,2025-06-01,3,CZ,quantile,0.85,2.2595273055346325
2025-05-21,ILI incidence,2025-06-08,4,CZ,quantile,0.85,1.527858814496707
2025-05-21,ILI incidence,2025-05-04,-1,CZ,quantile,0.9,11.640836680014653
2025-05-21,ILI incidence,2025-05-11,0,CZ,quantile,0.9,7.852356938988867
2025-05-21,ILI incidence,2025-05-18,1,CZ,quantile,0.9,5.320020940329272
2025-05-21,ILI incidence,2025-05-25,2,CZ,quantile,0.9,3.587122823852616
2025-05-21,ILI incidence,2025-06-01,3,CZ,quantile,0.9,2.433748404985061
2025-05-21,ILI incidence,2025-06-08,4,CZ,quantile,0.9,1.6627334840265842
2025-05-21,ILI incidence,2025-05-04,-1,CZ,quantile,0.95,12.06006676103511
2025-05-21,ILI incidence,2025-05-11,0,CZ,quantile,0.95,8.113204881050427
2025-05-21,ILI incidence,2025-05-18,1,CZ,quantile,0.95,5.560212690766747
2025-05-21,ILI incidence,2025-05-25,2,CZ,quantile,0.95,3.861339377637615
2025-05-21,ILI incidence,2025-06-01,3,CZ,quantile,0.95,2.669966099056699
2025-05-21,ILI incidence,2025-06-08,4,CZ,quantile,0.95,1.845850371416676
2025-05-21,ILI incidence,2025-05-04,-1,CZ,quantile,0.975,12.440143219158848
2025-05-21,ILI incidence,2025-05-11,0,CZ,quantile,0.975,8.216947036898775
2025-05-21,ILI incidence,2025-05-18,1,CZ,quantile,0.975,5.75119056720023
2025-05-21,ILI incidence,2025-05-25,2,CZ,quantile,0.975,4.091519328905442
2025-05-21,ILI incidence,2025-06-01,3,CZ,quantile,0.975,2.860657268274581
2025-05-21,ILI incidence,2025-06-08,4,CZ,quantile,0.975,2.0308359189157126
2025-05-21,ILI incidence,2025-05-04,-1,CZ,quantile,0.99,12.94044137779894
2025-05-21,ILI incidence,2025-05-11,0,CZ,quantile,0.99,8.277753006843076
2025-05-21,ILI incidence,2025-05-18,1,CZ,quantile,0.99,5.968280319732666
2025-05-21,ILI incidence,2025-05-25,2,CZ,quantile,0.99,4.299254559038053
2025-05-21,ILI incidence,2025-06-01,3,CZ,quantile,0.99,3.0850873836257846
2025-05-21,ILI incidence,2025-06-08,4,CZ,quantile,0.99,2.2437334983148296
2025-05-21,ILI incidence,2025-05-04,-1,FI,quantile,0.01,24.521478603560016
2025-05-21,ILI incidence,2025-05-11,0,FI,quantile,0.01,19.438059828488043
2025-05-21,ILI incidence,2025-05-18,1,FI,quantile,0.01,13.219981291949091
2025-05-21,ILI incidence,2025-05-25,2,FI,quantile,0.01,8.260499310386749
2025-05-21,ILI incidence,2025-06-01,3,FI,quantile,0.01,5.006850896199965
2025-05-21,ILI incidence,2025-06-08,4,FI,quantile,0.01,2.8664007822888813
2025-05-21,ILI incidence,2025-05-04,-1,FI,quantile,0.025,25.46347804526392
2025-05-21,ILI incidence,2025-05-11,0,FI,quantile,0.025,19.67690425064336
2025-05-21,ILI incidence,2025-05-18,1,FI,quantile,0.025,13.731024176563794
2025-05-21,ILI incidence,2025-05-25,2,FI,quantile,0.025,9.053747799500712
2025-05-21,ILI incidence,2025-06-01,3,FI,quantile,0.025,5.5877361052783625
2025-05-21,ILI incidence,2025-06-08,4,FI,quantile,0.025,3.3352748290281684
2025-05-21,ILI incidence,2025-05-04,-1,FI,quantile,0.05,26.23316130555102
2025-05-21,ILI incidence,2025-05-11,0,FI,quantile,0.05,20.02637917817276
2025-05-21,ILI incidence,2025-05-18,1,FI,quantile,0.05,14.339004774548494
2025-05-21,ILI incidence,2025-05-25,2,FI,quantile,0.05,9.638844594639007
2025-05-21,ILI incidence,2025-06-01,3,FI,quantile,0.05,6.277163883760386
2025-05-21,ILI incidence,2025-06-08,4,FI,quantile,0.05,3.8191774666448848
2025-05-21,ILI incidence,2025-05-04,-1,FI,quantile,0.1,27.399262922292017
2025-05-21,ILI incidence,2025-05-11,0,FI,quantile,0.1,20.75366382365057
2025-05-21,ILI incidence,2025-05-18,1,FI,quantile,0.1,15.215441025005738
2025-05-21,ILI incidence,2025-05-25,2,FI,quantile,0.1,10.512175997870273
2025-05-21,ILI incidence,2025-06-01,3,FI,quantile,0.1,6.855455994623935
2025-05-21,ILI incidence,2025-06-08,4,FI,quantile,0.1,4.381619442908143
2025-05-21,ILI incidence,2025-05-04,-1,FI,quantile,0.15,28.51649219840104
2025-05-21,ILI incidence,2025-05-11,0,FI,quantile,0.15,21.74669613937729
2025-05-21,ILI incidence,2025-05-18,1,FI,quantile,0.15,15.915630225715123
2025-05-21,ILI incidence,2025-05-25,2,FI,quantile,0.15,11.293992875280487
2025-05-21,ILI incidence,2025-06-01,3,FI,quantile,0.15,7.624495146255522
2025-05-21,ILI incidence,2025-06-08,4,FI,quantile,0.15,4.91860499469588
2025-05-21,ILI incidence,2025-05-04,-1,FI,quantile,0.2,29.70260458817059
2025-05-21,ILI incidence,2025-05-11,0,FI,quantile,0.2,22.628366421518084
2025-05-21,ILI incidence,2025-05-18,1,FI,quantile,0.2,16.634031269922325
2025-05-21,ILI incidence,2025-05-25,2,FI,quantile,0.2,11.78906361539295
2025-05-21,ILI incidence,2025-06-01,3,FI,quantile,0.2,8.168323779959266
2025-05-21,ILI incidence,2025-06-08,4,FI,quantile,0.2,5.409696360103797
2025-05-21,ILI incidence,2025-05-04,-1,FI,quantile,0.25,30.677748808611785
2025-05-21,ILI incidence,2025-05-11,0,FI,quantile,0.25,23.51051509217085
2025-05-21,ILI incidence,2025-05-18,1,FI,quantile,0.25,17.289071772678547
2025-05-21,ILI incidence,2025-05-25,2,FI,quantile,0.25,12.26430488352663
2025-05-21,ILI incidence,2025-06-01,3,FI,quantile,0.25,8.637103051596576
2025-05-21,ILI incidence,2025-06-08,4,FI,quantile,0.25,5.801601222628358
2025-05-21,ILI incidence,2025-05-04,-1,FI,quantile,0.3,31.57504437025472
2025-05-21,ILI incidence,2025-05-11,0,FI,quantile,0.3,24.232046559587523
2025-05-21,ILI incidence,2025-05-18,1,FI,quantile,0.3,18.01932149336632
2025-05-21,ILI incidence,2025-05-25,2,FI,quantile,0.3,12.964950610461472
2025-05-21,ILI incidence,2025-06-01,3,FI,quantile,0.3,9.050308039917711
2025-05-21,ILI incidence,2025-06-08,4,FI,quantile,0.3,6.193793294844571
2025-05-21,ILI incidence,2025-05-04,-1,FI,quantile,0.35,32.43399221985891
2025-05-21,ILI incidence,2025-05-11,0,FI,quantile,0.35,25.012938101742304
2025-05-21,ILI incidence,2025-05-18,1,FI,quantile,0.35,18.653444495794595
2025-05-21,ILI incidence,2025-05-25,2,FI,quantile,0.35,13.56832579074812
2025-05-21,ILI incidence,2025-06-01,3,FI,quantile,0.35,9.5552246403891
2025-05-21,ILI incidence,2025-06-08,4,FI,quantile,0.35,6.568789958329339
2025-05-21,ILI incidence,2025-05-04,-1,FI,quantile,0.4,33.244380157122635
2025-05-21,ILI incidence,2025-05-11,0,FI,quantile,0.4,25.65110229464717
2025-05-21,ILI incidence,2025-05-18,1,FI,quantile,0.4,19.336911772219285
2025-05-21,ILI incidence,2025-05-25,2,FI,quantile,0.4,14.185275968839331
2025-05-21,ILI incidence,2025-06-01,3,FI,quantile,0.4,10.096677992839776
2025-05-21,ILI incidence,2025-06-08,4,FI,quantile,0.4,7.040881322573921
2025-05-21,ILI incidence,2025-05-04,-1,FI,quantile,0.45,34.14724082931964
2025-05-21,ILI incidence,2025-05-11,0,FI,quantile,0.45,26.45925357509353
2025-05-21,ILI incidence,2025-05-18,1,FI,quantile,0.45,19.941035221871463
2025-05-21,ILI incidence,2025-05-25,2,FI,quantile,0.45,14.665916464796643
2025-05-21,ILI incidence,2025-06-01,3,FI,quantile,0.45,10.620812946334809
2025-05-21,ILI incidence,2025-06-08,4,FI,quantile,0.45,7.432606577331645
2025-05-21,ILI incidence,2025-05-04,-1,FI,quantile,0.5,34.91876420012144
2025-05-21,ILI incidence,2025-05-11,0,FI,quantile,0.5,27.179350719685765
2025-05-21,ILI incidence,2025-05-18,1,FI,quantile,0.5,20.64067021669761
2025-05-21,ILI incidence,2025-05-25,2,FI,quantile,0.5,15.232241828603112
2025-05-21,ILI incidence,2025-06-01,3,FI,quantile,0.5,11.046509644256094
2025-05-21,ILI incidence,2025-06-08,4,FI,quantile,0.5,7.768386992792691
2025-05-21,ILI incidence,2025-05-04,-1,FI,quantile,0.55,35.65923813126872
2025-05-21,ILI incidence,2025-05-11,0,FI,quantile,0.55,28.096533507830603
2025-05-21,ILI incidence,2025-05-18,1,FI,quantile,0.55,21.41348348084009
2025-05-21,ILI incidence,2025-05-25,2,FI,quantile,0.55,15.84248367756755
2025-05-21,ILI incidence,2025-06-01,3,FI,quantile,0.55,11.452446415999525
2025-05-21,ILI incidence,2025-06-08,4,FI,quantile,0.55,8.217122556954338
2025-05-21,ILI incidence,2025-05-04,-1,FI,quantile,0.6,36.58998966954484
2025-05-21,ILI incidence,2025-05-11,0,FI,quantile,0.6,28.96194594869128
2025-05-21,ILI incidence,2025-05-18,1,FI,quantile,0.6,22.045771720446087
2025-05-21,ILI incidence,2025-05-25,2,FI,quantile,0.6,16.492227196725207
2025-05-21,ILI incidence,2025-06-01,3,FI,quantile,0.6,12.029949459084827
2025-05-21,ILI incidence,2025-06-08,4,FI,quantile,0.6,8.736359615564352
2025-05-21,ILI incidence,2025-05-04,-1,FI,quantile,0.65,37.61430396836067
2025-05-21,ILI incidence,2025-05-11,0,FI,quantile,0.65,29.694454501897013
2025-05-21,ILI incidence,2025-05-18,1,FI,quantile,0.65,22.734034576467256
2025-05-21,ILI incidence,2025-05-25,2,FI,quantile,0.65,17.130679201871725
2025-05-21,ILI incidence,2025-06-01,3,FI,quantile,0.65,12.71590402158997
2025-05-21,ILI incidence,2025-06-08,4,FI,quantile,0.65,9.203007919841296
2025-05-21,ILI incidence,2025-05-04,-1,FI,quantile,0.7,38.45604563056997
2025-05-21,ILI incidence,2025-05-11,0,FI,quantile,0.7,30.443965332670835
2025-05-21,ILI incidence,2025-05-18,1,FI,quantile,0.7,23.529532701159493
2025-05-21,ILI incidence,2025-05-25,2,FI,quantile,0.7,17.853726969674334
2025-05-21,ILI incidence,2025-06-01,3,FI,quantile,0.7,13.32292348688899
2025-05-21,ILI incidence,2025-06-08,4,FI,quantile,0.7,9.757316371213404
2025-05-21,ILI incidence,2025-05-04,-1,FI,quantile,0.75,39.22588280049122
2025-05-21,ILI incidence,2025-05-11,0,FI,quantile,0.75,31.27570689717644
2025-05-21,ILI incidence,2025-05-18,1,FI,quantile,0.75,24.296447162023327
2025-05-21,ILI incidence,2025-05-25,2,FI,quantile,0.75,18.61158392485791
2025-05-21,ILI incidence,2025-06-01,3,FI,quantile,0.75,13.952436761097292
2025-05-21,ILI incidence,2025-06-08,4,FI,quantile,0.75,10.313235995446636
2025-05-21,ILI incidence,2025-05-04,-1,FI,quantile,0.8,40.19051365493995
2025-05-21,ILI incidence,2025-05-11,0,FI,quantile,0.8,31.986121662500672
2025-05-21,ILI incidence,2025-05-18,1,FI,quantile,0.8,25.25294963255532
2025-05-21,ILI incidence,2025-05-25,2,FI,quantile,0.8,19.373405711496265
2025-05-21,ILI incidence,2025-06-01,3,FI,quantile,0.8,14.645856774375028
2025-05-21,ILI incidence,2025-06-08,4,FI,quantile,0.8,10.880335973596406
2025-05-21,ILI incidence,2025-05-04,-1,FI,quantile,0.85,41.2587263493821
2025-05-21,ILI incidence,2025-05-11,0,FI,quantile,0.85,32.93868910004018
2025-05-21,ILI incidence,2025-05-18,1,FI,quantile,0.85,26.0299431836292
2025-05-21,ILI incidence,2025-05-25,2,FI,quantile,0.85,20.23234001899353
2025-05-21,ILI incidence,2025-06-01,3,FI,quantile,0.85,15.358505541890157
2025-05-21,ILI incidence,2025-06-08,4,FI,quantile,0.85,11.485217157191906
2025-05-21,ILI incidence,2025-05-04,-1,FI,quantile,0.9,42.44404241271346
2025-05-21,ILI incidence,2025-05-11,0,FI,quantile,0.9,33.82752780558238
2025-05-21,ILI incidence,2025-05-18,1,FI,quantile,0.9,26.83201745815301
2025-05-21,ILI incidence,2025-05-25,2,FI,quantile,0.9,21.153171588976384
2025-05-21,ILI incidence,2025-06-01,3,FI,quantile,0.9,16.54534617820921
2025-05-21,ILI incidence,2025-06-08,4,FI,quantile,0.9,12.70534214234146
2025-05-21,ILI incidence,2025-05-04,-1,FI,quantile,0.95,44.00295583254669
2025-05-21,ILI incidence,2025-05-11,0,FI,quantile,0.95,34.61909493427098
2025-05-21,ILI incidence,2025-05-18,1,FI,quantile,0.95,28.03062315071975
2025-05-21,ILI incidence,2025-05-25,2,FI,quantile,0.95,22.561802042972253
2025-05-21,ILI incidence,2025-06-01,3,FI,quantile,0.95,18.01985492511457
2025-05-21,ILI incidence,2025-06-08,4,FI,quantile,0.95,14.204530370421214
2025-05-21,ILI incidence,2025-05-04,-1,FI,quantile,0.975,45.458337616906746
2025-05-21,ILI incidence,2025-05-11,0,FI,quantile,0.975,35.196937644430534
2025-05-21,ILI incidence,2025-05-18,1,FI,quantile,0.975,28.687697273910764
2025-05-21,ILI incidence,2025-05-25,2,FI,quantile,0.975,23.63980808924452
2025-05-21,ILI incidence,2025-06-01,3,FI,quantile,0.975,19.133374670552406
2025-05-21,ILI incidence,2025-06-08,4,FI,quantile,0.975,15.1475475007591
2025-05-21,ILI incidence,2025-05-04,-1,FI,quantile,0.99,46.94227208488361
2025-05-21,ILI incidence,2025-05-11,0,FI,quantile,0.99,35.50033903003175
2025-05-21,ILI incidence,2025-05-18,1,FI,quantile,0.99,29.430169951610743
2025-05-21,ILI incidence,2025-05-25,2,FI,quantile,0.99,24.588854141287992
2025-05-21,ILI incidence,2025-06-01,3,FI,quantile,0.99,20.3287511099946
2025-05-21,ILI incidence,2025-06-08,4,FI,quantile,0.99,17.108992793210188
2025-05-21,ILI incidence,2025-05-04,-1,HR,quantile,0.01,0.744411434271876
2025-05-21,ILI incidence,2025-05-11,0,HR,quantile,0.01,0.4221090148592683
2025-05-21,ILI incidence,2025-05-18,1,HR,quantile,0.01,0.1458811957787389
2025-05-21,ILI incidence,2025-05-25,2,HR,quantile,0.01,0.0387540636242413
2025-05-21,ILI incidence,2025-06-01,3,HR,quantile,0.01,0.0045421688284806
2025-05-21,ILI incidence,2025-06-08,4,HR,quantile,0.01,0.0002633631717535
2025-05-21,ILI incidence,2025-05-04,-1,HR,quantile,0.025,0.8107741301380873
2025-05-21,ILI incidence,2025-05-11,0,HR,quantile,0.025,0.4280833633471272
2025-05-21,ILI incidence,2025-05-18,1,HR,quantile,0.025,0.1654335397254363
2025-05-21,ILI incidence,2025-05-25,2,HR,quantile,0.025,0.0563557365207781
2025-05-21,ILI incidence,2025-06-01,3,HR,quantile,0.025,0.0128263336506015
2025-05-21,ILI incidence,2025-06-08,4,HR,quantile,0.025,0.000490684527306
2025-05-21,ILI incidence,2025-05-04,-1,HR,quantile,0.05,0.8363462229787383
2025-05-21,ILI incidence,2025-05-11,0,HR,quantile,0.05,0.4333763856747926
2025-05-21,ILI incidence,2025-05-18,1,HR,quantile,0.05,0.1936838406313581
2025-05-21,ILI incidence,2025-05-25,2,HR,quantile,0.05,0.0637129018116811
2025-05-21,ILI incidence,2025-06-01,3,HR,quantile,0.05,0.0152900455220601
2025-05-21,ILI incidence,2025-06-08,4,HR,quantile,0.05,0.0023582559971336
2025-05-21,ILI incidence,2025-05-04,-1,HR,quantile,0.1,0.8735923514289643
2025-05-21,ILI incidence,2025-05-11,0,HR,quantile,0.1,0.4570665971578416
2025-05-21,ILI incidence,2025-05-18,1,HR,quantile,0.1,0.21501239982598
2025-05-21,ILI incidence,2025-05-25,2,HR,quantile,0.1,0.0789208310471552
2025-05-21,ILI incidence,2025-06-01,3,HR,quantile,0.1,0.0237063766938105
2025-05-21,ILI incidence,2025-06-08,4,HR,quantile,0.1,0.005801132582348
2025-05-21,ILI incidence,2025-05-04,-1,HR,quantile,0.15,0.9179070314620064
2025-05-21,ILI incidence,2025-05-11,0,HR,quantile,0.15,0.4734594998324621
2025-05-21,ILI incidence,2025-05-18,1,HR,quantile,0.15,0.2240211507254265
2025-05-21,ILI incidence,2025-05-25,2,HR,quantile,0.15,0.089797397246132
2025-05-21,ILI incidence,2025-06-01,3,HR,quantile,0.15,0.0312951459734152
2025-05-21,ILI incidence,2025-06-08,4,HR,quantile,0.15,0.0089855216124635
2025-05-21,ILI incidence,2025-05-04,-1,HR,quantile,0.2,0.9558631030016498
2025-05-21,ILI incidence,2025-05-11,0,HR,quantile,0.2,0.4953551081487217
2025-05-21,ILI incidence,2025-05-18,1,HR,quantile,0.2,0.2346373942129188
2025-05-21,ILI incidence,2025-05-25,2,HR,quantile,0.2,0.0988276445311337
2025-05-21,ILI incidence,2025-06-01,3,HR,quantile,0.2,0.0360827503141276
2025-05-21,ILI incidence,2025-06-08,4,HR,quantile,0.2,0.011870400114703
2025-05-21,ILI incidence,2025-05-04,-1,HR,quantile,0.25,0.9805999400933668
2025-05-21,ILI incidence,2025-05-11,0,HR,quantile,0.25,0.5129409913285998
2025-05-21,ILI incidence,2025-05-18,1,HR,quantile,0.25,0.245798343250457
2025-05-21,ILI incidence,2025-05-25,2,HR,quantile,0.25,0.1072709746453564
2025-05-21,ILI incidence,2025-06-01,3,HR,quantile,0.25,0.0438080896283827
2025-05-21,ILI incidence,2025-06-08,4,HR,quantile,0.25,0.0145846376799526
2025-05-21,ILI incidence,2025-05-04,-1,HR,quantile,0.3,1.0088168454238993
2025-05-21,ILI incidence,2025-05-11,0,HR,quantile,0.3,0.5259827626651208
2025-05-21,ILI incidence,2025-05-18,1,HR,quantile,0.3,0.2569887806465125
2025-05-21,ILI incidence,2025-05-25,2,HR,quantile,0.3,0.1114787884609568
2025-05-21,ILI incidence,2025-06-01,3,HR,quantile,0.3,0.0479846311526685
2025-05-21,ILI incidence,2025-06-08,4,HR,quantile,0.3,0.0177150335626239
2025-05-21,ILI incidence,2025-05-04,-1,HR,quantile,0.35,1.052134197204863
2025-05-21,ILI incidence,2025-05-11,0,HR,quantile,0.35,0.5447381717370163
2025-05-21,ILI incidence,2025-05-18,1,HR,quantile,0.35,0.2679498606762804
2025-05-21,ILI incidence,2025-05-25,2,HR,quantile,0.35,0.1174833714337128
2025-05-21,ILI incidence,2025-06-01,3,HR,quantile,0.35,0.0516827827682093
2025-05-21,ILI incidence,2025-06-08,4,HR,quantile,0.35,0.019852510543151
2025-05-21,ILI incidence,2025-05-04,-1,HR,quantile,0.4,1.0896921517867788
2025-05-21,ILI incidence,2025-05-11,0,HR,quantile,0.4,0.5630599986465773
2025-05-21,ILI incidence,2025-05-18,1,HR,quantile,0.4,0.2790827192294059
2025-05-21,ILI incidence,2025-05-25,2,HR,quantile,0.4,0.1253051715229891
2025-05-21,ILI incidence,2025-06-01,3,HR,quantile,0.4,0.0552254798469555
2025-05-21,ILI incidence,2025-06-08,4,HR,quantile,0.4,0.0220366235621774
2025-05-21,ILI incidence,2025-05-04,-1,HR,quantile,0.45,1.115729845938046
2025-05-21,ILI incidence,2025-05-11,0,HR,quantile,0.45,0.5817860532492011
2025-05-21,ILI incidence,2025-05-18,1,HR,quantile,0.45,0.2856805278477723
2025-05-21,ILI incidence,2025-05-25,2,HR,quantile,0.45,0.1311738186713831
2025-05-21,ILI incidence,2025-06-01,3,HR,quantile,0.45,0.0606597034617056
2025-05-21,ILI incidence,2025-06-08,4,HR,quantile,0.45,0.024924136133961
2025-05-21,ILI incidence,2025-05-04,-1,HR,quantile,0.5,1.1683448684481057
2025-05-21,ILI incidence,2025-05-11,0,HR,quantile,0.5,0.5958261333154908
2025-05-21,ILI incidence,2025-05-18,1,HR,quantile,0.5,0.2962256731110488
2025-05-21,ILI incidence,2025-05-25,2,HR,quantile,0.5,0.1402117191499397
2025-05-21,ILI incidence,2025-06-01,3,HR,quantile,0.5,0.0669418859187741
2025-05-21,ILI incidence,2025-06-08,4,HR,quantile,0.5,0.0271201314404378
2025-05-21,ILI incidence,2025-05-04,-1,HR,quantile,0.55,1.2003012185425772
2025-05-21,ILI incidence,2025-05-11,0,HR,quantile,0.55,0.6216340815766872
2025-05-21,ILI incidence,2025-05-18,1,HR,quantile,0.55,0.3074588548729339
2025-05-21,ILI incidence,2025-05-25,2,HR,quantile,0.55,0.149655360607249
2025-05-21,ILI incidence,2025-06-01,3,HR,quantile,0.55,0.0719249405669803
2025-05-21,ILI incidence,2025-06-08,4,HR,quantile,0.55,0.030064062630395
2025-05-21,ILI incidence,2025-05-04,-1,HR,quantile,0.6,1.2240904332393712
2025-05-21,ILI incidence,2025-05-11,0,HR,quantile,0.6,0.6384383270126159
2025-05-21,ILI incidence,2025-05-18,1,HR,quantile,0.6,0.3183521856066125
2025-05-21,ILI incidence,2025-05-25,2,HR,quantile,0.6,0.1575359402227669
2025-05-21,ILI incidence,2025-06-01,3,HR,quantile,0.6,0.0757375098931651
2025-05-21,ILI incidence,2025-06-08,4,HR,quantile,0.6,0.0327217882415249
2025-05-21,ILI incidence,2025-05-04,-1,HR,quantile,0.65,1.2501496568049648
2025-05-21,ILI incidence,2025-05-11,0,HR,quantile,0.65,0.6566932946440395
2025-05-21,ILI incidence,2025-05-18,1,HR,quantile,0.65,0.3278676891377808
2025-05-21,ILI incidence,2025-05-25,2,HR,quantile,0.65,0.1666130816885755
2025-05-21,ILI incidence,2025-06-01,3,HR,quantile,0.65,0.0816113907631631
2025-05-21,ILI incidence,2025-06-08,4,HR,quantile,0.65,0.0353491971619238
2025-05-21,ILI incidence,2025-05-04,-1,HR,quantile,0.7,1.291394900104646
2025-05-21,ILI incidence,2025-05-11,0,HR,quantile,0.7,0.6718647456424457
2025-05-21,ILI incidence,2025-05-18,1,HR,quantile,0.7,0.3442683421386274
2025-05-21,ILI incidence,2025-05-25,2,HR,quantile,0.7,0.175962708763994
2025-05-21,ILI incidence,2025-06-01,3,HR,quantile,0.7,0.0867844592710914
2025-05-21,ILI incidence,2025-06-08,4,HR,quantile,0.7,0.0392430400464812
2025-05-21,ILI incidence,2025-05-04,-1,HR,quantile,0.75,1.3140645866474552
2025-05-21,ILI incidence,2025-05-11,0,HR,quantile,0.75,0.6848150362194125
2025-05-21,ILI incidence,2025-05-18,1,HR,quantile,0.75,0.3552253208330539
2025-05-21,ILI incidence,2025-05-25,2,HR,quantile,0.75,0.1834592488502776
2025-05-21,ILI incidence,2025-06-01,3,HR,quantile,0.75,0.0929020740461702
2025-05-21,ILI incidence,2025-06-08,4,HR,quantile,0.75,0.0446762157822868
2025-05-21,ILI incidence,2025-05-04,-1,HR,quantile,0.8,1.349491158851459
2025-05-21,ILI incidence,2025-05-11,0,HR,quantile,0.8,0.7011198332074571
2025-05-21,ILI incidence,2025-05-18,1,HR,quantile,0.8,0.3645463410401179
2025-05-21,ILI incidence,2025-05-25,2,HR,quantile,0.8,0.1935031752080637
2025-05-21,ILI incidence,2025-06-01,3,HR,quantile,0.8,0.0998954852608486
2025-05-21,ILI incidence,2025-06-08,4,HR,quantile,0.8,0.0491481627004289
2025-05-21,ILI incidence,2025-05-04,-1,HR,quantile,0.85,1.4097014241363142
2025-05-21,ILI incidence,2025-05-11,0,HR,quantile,0.85,0.7281618981827062
2025-05-21,ILI incidence,2025-05-18,1,HR,quantile,0.85,0.3851750596219911
2025-05-21,ILI incidence,2025-05-25,2,HR,quantile,0.85,0.2053452892926954
2025-05-21,ILI incidence,2025-06-01,3,HR,quantile,0.85,0.1073466062348821
2025-05-21,ILI incidence,2025-06-08,4,HR,quantile,0.85,0.0532805721007288
2025-05-21,ILI incidence,2025-05-04,-1,HR,quantile,0.9,1.4635601812467527
2025-05-21,ILI incidence,2025-05-11,0,HR,quantile,0.9,0.7527949905680859
2025-05-21,ILI incidence,2025-05-18,1,HR,quantile,0.9,0.397731636502784
2025-05-21,ILI incidence,2025-05-25,2,HR,quantile,0.9,0.2167012070426876
2025-05-21,ILI incidence,2025-06-01,3,HR,quantile,0.9,0.1139962226204807
2025-05-21,ILI incidence,2025-06-08,4,HR,quantile,0.9,0.0609002830956846
2025-05-21,ILI incidence,2025-05-04,-1,HR,quantile,0.95,1.5866076706416543
2025-05-21,ILI incidence,2025-05-11,0,HR,quantile,0.95,0.7696906182149909
2025-05-21,ILI incidence,2025-05-18,1,HR,quantile,0.95,0.4312237913190391
2025-05-21,ILI incidence,2025-05-25,2,HR,quantile,0.95,0.2368200903383454
2025-05-21,ILI incidence,2025-06-01,3,HR,quantile,0.95,0.1389453601535979
2025-05-21,ILI incidence,2025-06-08,4,HR,quantile,0.95,0.0712933999635978
2025-05-21,ILI incidence,2025-05-04,-1,HR,quantile,0.975,1.6900915602926128
2025-05-21,ILI incidence,2025-05-11,0,HR,quantile,0.975,0.7754655419443712
2025-05-21,ILI incidence,2025-05-18,1,HR,quantile,0.975,0.4526095348322408
2025-05-21,ILI incidence,2025-05-25,2,HR,quantile,0.975,0.2579229679877813
2025-05-21,ILI incidence,2025-06-01,3,HR,quantile,0.975,0.1519619031061843
2025-05-21,ILI incidence,2025-06-08,4,HR,quantile,0.975,0.0840365581020886
2025-05-21,ILI incidence,2025-05-04,-1,HR,quantile,0.99,1.748889047430312
2025-05-21,ILI incidence,2025-05-11,0,HR,quantile,0.99,0.7779657742648235
2025-05-21,ILI incidence,2025-05-18,1,HR,quantile,0.99,0.4767449554996895
2025-05-21,ILI incidence,2025-05-25,2,HR,quantile,0.99,0.2801108428213098
2025-05-21,ILI incidence,2025-06-01,3,HR,quantile,0.99,0.1656317669253917
2025-05-21,ILI incidence,2025-06-08,4,HR,quantile,0.99,0.1040053994241961
2025-05-21,ILI incidence,2025-05-04,-1,HU,quantile,0.01,60.79279838332186
2025-05-21,ILI incidence,2025-05-11,0,HU,quantile,0.01,56.18781580460234
2025-05-21,ILI incidence,2025-05-18,1,HU,quantile,0.01,53.50039533435204
2025-05-21,ILI incidence,2025-05-25,2,HU,quantile,0.01,52.14407090234063
2025-05-21,ILI incidence,2025-06-01,3,HU,quantile,0.01,51.3155031310778
2025-05-21,ILI incidence,2025-06-08,4,HU,quantile,0.01,50.81771647266872
2025-05-21,ILI incidence,2025-05-04,-1,HU,quantile,0.025,63.00167644880659
2025-05-21,ILI incidence,2025-05-11,0,HU,quantile,0.025,57.53786494595128
2025-05-21,ILI incidence,2025-05-18,1,HU,quantile,0.025,54.5834854457959
2025-05-21,ILI incidence,2025-05-25,2,HU,quantile,0.025,52.58366608678484
2025-05-21,ILI incidence,2025-06-01,3,HU,quantile,0.025,51.763822806765866
2025-05-21,ILI incidence,2025-06-08,4,HU,quantile,0.025,51.09263078112404
2025-05-21,ILI incidence,2025-05-04,-1,HU,quantile,0.05,64.68960493285904
2025-05-21,ILI incidence,2025-05-11,0,HU,quantile,0.05,58.80907766550697
2025-05-21,ILI incidence,2025-05-18,1,HU,quantile,0.05,55.42066306545623
2025-05-21,ILI incidence,2025-05-25,2,HU,quantile,0.05,53.39873717529355
2025-05-21,ILI incidence,2025-06-01,3,HU,quantile,0.05,52.17294976709376
2025-05-21,ILI incidence,2025-06-08,4,HU,quantile,0.05,51.50215737434401
2025-05-21,ILI incidence,2025-05-04,-1,HU,quantile,0.1,66.6213041007366
2025-05-21,ILI incidence,2025-05-11,0,HU,quantile,0.1,60.61144003828819
2025-05-21,ILI incidence,2025-05-18,1,HU,quantile,0.1,56.83324303366052
2025-05-21,ILI incidence,2025-05-25,2,HU,quantile,0.1,54.38467976266852
2025-05-21,ILI incidence,2025-06-01,3,HU,quantile,0.1,52.9794631787049
2025-05-21,ILI incidence,2025-06-08,4,HU,quantile,0.1,52.15165913944205
2025-05-21,ILI incidence,2025-05-04,-1,HU,quantile,0.15,68.48719292735488
2025-05-21,ILI incidence,2025-05-11,0,HU,quantile,0.15,61.90560308456842
2025-05-21,ILI incidence,2025-05-18,1,HU,quantile,0.15,57.92882785176012
2025-05-21,ILI incidence,2025-05-25,2,HU,quantile,0.15,55.29698963912952
2025-05-21,ILI incidence,2025-06-01,3,HU,quantile,0.15,53.70596497226103
2025-05-21,ILI incidence,2025-06-08,4,HU,quantile,0.15,52.79929306653698
2025-05-21,ILI incidence,2025-05-04,-1,HU,quantile,0.2,70.09652270902956
2025-05-21,ILI incidence,2025-05-11,0,HU,quantile,0.2,63.12547523345294
2025-05-21,ILI incidence,2025-05-18,1,HU,quantile,0.2,58.845594482159306
2025-05-21,ILI incidence,2025-05-25,2,HU,quantile,0.2,56.107620755763776
2025-05-21,ILI incidence,2025-06-01,3,HU,quantile,0.2,54.389793557662905
2025-05-21,ILI incidence,2025-06-08,4,HU,quantile,0.2,53.36534104783938
2025-05-21,ILI incidence,2025-05-04,-1,HU,quantile,0.25,71.23296133812718
2025-05-21,ILI incidence,2025-05-11,0,HU,quantile,0.25,64.3792088953984
2025-05-21,ILI incidence,2025-05-18,1,HU,quantile,0.25,59.7786384922488
2025-05-21,ILI incidence,2025-05-25,2,HU,quantile,0.25,56.80219478714847
2025-05-21,ILI incidence,2025-06-01,3,HU,quantile,0.25,55.05625032054623
2025-05-21,ILI incidence,2025-06-08,4,HU,quantile,0.25,54.03690085752439
2025-05-21,ILI incidence,2025-05-04,-1,HU,quantile,0.3,72.40459489920748
2025-05-21,ILI incidence,2025-05-11,0,HU,quantile,0.3,65.24233402405014
2025-05-21,ILI incidence,2025-05-18,1,HU,quantile,0.3,60.5381331364129
2025-05-21,ILI incidence,2025-05-25,2,HU,quantile,0.3,57.41821298178595
2025-05-21,ILI incidence,2025-06-01,3,HU,quantile,0.3,55.63777934490047
2025-05-21,ILI incidence,2025-06-08,4,HU,quantile,0.3,54.63971128737539
2025-05-21,ILI incidence,2025-05-04,-1,HU,quantile,0.35,73.7092763621539
2025-05-21,ILI incidence,2025-05-11,0,HU,quantile,0.35,66.08853972388243
2025-05-21,ILI incidence,2025-05-18,1,HU,quantile,0.35,61.25852814480306
2025-05-21,ILI incidence,2025-05-25,2,HU,quantile,0.35,58.062741882083856
2025-05-21,ILI incidence,2025-06-01,3,HU,quantile,0.35,56.0635159945814
2025-05-21,ILI incidence,2025-06-08,4,HU,quantile,0.35,55.11688307084465
2025-05-21,ILI incidence,2025-05-04,-1,HU,quantile,0.4,74.77265564726319
2025-05-21,ILI incidence,2025-05-11,0,HU,quantile,0.4,66.94293045898768
2025-05-21,ILI incidence,2025-05-18,1,HU,quantile,0.4,61.83228767025169
2025-05-21,ILI incidence,2025-05-25,2,HU,quantile,0.4,58.498941948642894
2025-05-21,ILI incidence,2025-06-01,3,HU,quantile,0.4,56.63245498987608
2025-05-21,ILI incidence,2025-06-08,4,HU,quantile,0.4,55.60868004413307
2025-05-21,ILI incidence,2025-05-04,-1,HU,quantile,0.45,75.84797678210396
2025-05-21,ILI incidence,2025-05-11,0,HU,quantile,0.45,67.77583141468487
2025-05-21,ILI incidence,2025-05-18,1,HU,quantile,0.45,62.40985204520403
2025-05-21,ILI incidence,2025-05-25,2,HU,quantile,0.45,58.98786631460693
2025-05-21,ILI incidence,2025-06-01,3,HU,quantile,0.45,57.19714872926531
2025-05-21,ILI incidence,2025-06-08,4,HU,quantile,0.45,56.29557679649642
2025-05-21,ILI incidence,2025-05-04,-1,HU,quantile,0.5,76.75755803583189
2025-05-21,ILI incidence,2025-05-11,0,HU,quantile,0.5,68.26821483351273
2025-05-21,ILI incidence,2025-05-18,1,HU,quantile,0.5,62.90471821071287
2025-05-21,ILI incidence,2025-05-25,2,HU,quantile,0.5,59.5911893163872
2025-05-21,ILI incidence,2025-06-01,3,HU,quantile,0.5,57.814628883632906
2025-05-21,ILI incidence,2025-06-08,4,HU,quantile,0.5,57.08422174985321
2025-05-21,ILI incidence,2025-05-04,-1,HU,quantile,0.55,77.65381393847981
2025-05-21,ILI incidence,2025-05-11,0,HU,quantile,0.55,68.95196743625556
2025-05-21,ILI incidence,2025-05-18,1,HU,quantile,0.55,63.38107044381958
2025-05-21,ILI incidence,2025-05-25,2,HU,quantile,0.55,60.13798257848551
2025-05-21,ILI incidence,2025-06-01,3,HU,quantile,0.55,58.51360927338757
2025-05-21,ILI incidence,2025-06-08,4,HU,quantile,0.55,57.67482784717408
2025-05-21,ILI incidence,2025-05-04,-1,HU,quantile,0.6,78.43589226234803
2025-05-21,ILI incidence,2025-05-11,0,HU,quantile,0.6,69.62972952249388
2025-05-21,ILI incidence,2025-05-18,1,HU,quantile,0.6,63.88209610814738
2025-05-21,ILI incidence,2025-05-25,2,HU,quantile,0.6,60.71188561183752
2025-05-21,ILI incidence,2025-06-01,3,HU,quantile,0.6,59.0973020050678
2025-05-21,ILI incidence,2025-06-08,4,HU,quantile,0.6,58.31551552766282
2025-05-21,ILI incidence,2025-05-04,-1,HU,quantile,0.65,79.13293388163751
2025-05-21,ILI incidence,2025-05-11,0,HU,quantile,0.65,70.2334536373354
2025-05-21,ILI incidence,2025-05-18,1,HU,quantile,0.65,64.41506685874637
2025-05-21,ILI incidence,2025-05-25,2,HU,quantile,0.65,61.35165035237776
2025-05-21,ILI incidence,2025-06-01,3,HU,quantile,0.65,59.79537901924186
2025-05-21,ILI incidence,2025-06-08,4,HU,quantile,0.65,59.073931447343455
2025-05-21,ILI incidence,2025-05-04,-1,HU,quantile,0.7,79.94120277751063
2025-05-21,ILI incidence,2025-05-11,0,HU,quantile,0.7,70.71533554527089
2025-05-21,ILI incidence,2025-05-18,1,HU,quantile,0.7,64.92524142793462
2025-05-21,ILI incidence,2025-05-25,2,HU,quantile,0.7,62.03136113328507
2025-05-21,ILI incidence,2025-06-01,3,HU,quantile,0.7,60.59457684060641
2025-05-21,ILI incidence,2025-06-08,4,HU,quantile,0.7,59.97967707430289
2025-05-21,ILI incidence,2025-05-04,-1,HU,quantile,0.75,80.84258404293435
2025-05-21,ILI incidence,2025-05-11,0,HU,quantile,0.75,71.28486084144927
2025-05-21,ILI incidence,2025-05-18,1,HU,quantile,0.75,65.46094066810963
2025-05-21,ILI incidence,2025-05-25,2,HU,quantile,0.75,62.7434048596444
2025-05-21,ILI incidence,2025-06-01,3,HU,quantile,0.75,61.59339917695221
2025-05-21,ILI incidence,2025-06-08,4,HU,quantile,0.75,60.95028044589668
2025-05-21,ILI incidence,2025-05-04,-1,HU,quantile,0.8,81.637428992671
2025-05-21,ILI incidence,2025-05-11,0,HU,quantile,0.8,71.73748441006317
2025-05-21,ILI incidence,2025-05-18,1,HU,quantile,0.8,66.20549254641747
2025-05-21,ILI incidence,2025-05-25,2,HU,quantile,0.8,63.64179296277419
2025-05-21,ILI incidence,2025-06-01,3,HU,quantile,0.8,62.311391608561465
2025-05-21,ILI incidence,2025-06-08,4,HU,quantile,0.8,61.67502844156179
2025-05-21,ILI incidence,2025-05-04,-1,HU,quantile,0.85,82.55946257112487
2025-05-21,ILI incidence,2025-05-11,0,HU,quantile,0.85,72.23424071067859
2025-05-21,ILI incidence,2025-05-18,1,HU,quantile,0.85,66.96911967519286
2025-05-21,ILI incidence,2025-05-25,2,HU,quantile,0.85,64.4266661502355
2025-05-21,ILI incidence,2025-06-01,3,HU,quantile,0.85,63.351817217780535
2025-05-21,ILI incidence,2025-06-08,4,HU,quantile,0.85,62.90668237529857
2025-05-21,ILI incidence,2025-05-04,-1,HU,quantile,0.9,83.7348096824035
2025-05-21,ILI incidence,2025-05-11,0,HU,quantile,0.9,72.80701869857039
2025-05-21,ILI incidence,2025-05-18,1,HU,quantile,0.9,67.78070399321241
2025-05-21,ILI incidence,2025-05-25,2,HU,quantile,0.9,65.74087760713294
2025-05-21,ILI incidence,2025-06-01,3,HU,quantile,0.9,64.8315962385531
2025-05-21,ILI incidence,2025-06-08,4,HU,quantile,0.9,64.29471725362801
2025-05-21,ILI incidence,2025-05-04,-1,HU,quantile,0.95,85.48526341486715
2025-05-21,ILI incidence,2025-05-11,0,HU,quantile,0.95,73.27727763084062
2025-05-21,ILI incidence,2025-05-18,1,HU,quantile,0.95,69.05510156310943
2025-05-21,ILI incidence,2025-05-25,2,HU,quantile,0.95,67.3300395095298
2025-05-21,ILI incidence,2025-06-01,3,HU,quantile,0.95,66.47020462412314
2025-05-21,ILI incidence,2025-06-08,4,HU,quantile,0.95,66.14242745448851
2025-05-21,ILI incidence,2025-05-04,-1,HU,quantile,0.975,86.72292891409907
2025-05-21,ILI incidence,2025-05-11,0,HU,quantile,0.975,73.53046950488175
2025-05-21,ILI incidence,2025-05-18,1,HU,quantile,0.975,69.69170555660077
2025-05-21,ILI incidence,2025-05-25,2,HU,quantile,0.975,68.52843388831714
2025-05-21,ILI incidence,2025-06-01,3,HU,quantile,0.975,67.87951816728838
2025-05-21,ILI incidence,2025-06-08,4,HU,quantile,0.975,67.64635771691289
2025-05-21,ILI incidence,2025-05-04,-1,HU,quantile,0.99,88.48817273586971
2025-05-21,ILI incidence,2025-05-11,0,HU,quantile,0.99,73.63828999289689
2025-05-21,ILI incidence,2025-05-18,1,HU,quantile,0.99,70.57095447843597
2025-05-21,ILI incidence,2025-05-25,2,HU,quantile,0.99,69.37311057011141
2025-05-21,ILI incidence,2025-06-01,3,HU,quantile,0.99,68.8114414208246
2025-05-21,ILI incidence,2025-06-08,4,HU,quantile,0.99,68.54922256396023
2025-05-21,ILI incidence,2025-05-04,-1,IE,quantile,0.01,2.2512008751810715
2025-05-21,ILI incidence,2025-05-11,0,IE,quantile,0.01,1.6974321281158178
2025-05-21,ILI incidence,2025-05-18,1,IE,quantile,0.01,1.129459954731853
2025-05-21,ILI incidence,2025-05-25,2,IE,quantile,0.01,0.7168062004354347
2025-05-21,ILI incidence,2025-06-01,3,IE,quantile,0.01,0.4440914448740955
2025-05-21,ILI incidence,2025-06-08,4,IE,quantile,0.01,0.2592733000269699
2025-05-21,ILI incidence,2025-05-04,-1,IE,quantile,0.025,2.339048438714081
2025-05-21,ILI incidence,2025-05-11,0,IE,quantile,0.025,1.7118878679858962
2025-05-21,ILI incidence,2025-05-18,1,IE,quantile,0.025,1.1671110592401706
2025-05-21,ILI incidence,2025-05-25,2,IE,quantile,0.025,0.7547233066933455
2025-05-21,ILI incidence,2025-06-01,3,IE,quantile,0.025,0.4860638075009834
2025-05-21,ILI incidence,2025-06-08,4,IE,quantile,0.025,0.3122889723358191
2025-05-21,ILI incidence,2025-05-04,-1,IE,quantile,0.05,2.401925878721771
2025-05-21,ILI incidence,2025-05-11,0,IE,quantile,0.05,1.74732901053218
2025-05-21,ILI incidence,2025-05-18,1,IE,quantile,0.05,1.2106342163676531
2025-05-21,ILI incidence,2025-05-25,2,IE,quantile,0.05,0.794303636606402
2025-05-21,ILI incidence,2025-06-01,3,IE,quantile,0.05,0.5264318027413343
2025-05-21,ILI incidence,2025-06-08,4,IE,quantile,0.05,0.3504072862762655
2025-05-21,ILI incidence,2025-05-04,-1,IE,quantile,0.1,2.498817521606824
2025-05-21,ILI incidence,2025-05-11,0,IE,quantile,0.1,1.818376120648932
2025-05-21,ILI incidence,2025-05-18,1,IE,quantile,0.1,1.2621385217128105
2025-05-21,ILI incidence,2025-05-25,2,IE,quantile,0.1,0.8715196955902687
2025-05-21,ILI incidence,2025-06-01,3,IE,quantile,0.1,0.5908831060954726
2025-05-21,ILI incidence,2025-06-08,4,IE,quantile,0.1,0.4036315068484162
2025-05-21,ILI incidence,2025-05-04,-1,IE,quantile,0.15,2.594172372029222
2025-05-21,ILI incidence,2025-05-11,0,IE,quantile,0.15,1.8624727892106097
2025-05-21,ILI incidence,2025-05-18,1,IE,quantile,0.15,1.3102500847972909
2025-05-21,ILI incidence,2025-05-25,2,IE,quantile,0.15,0.9165556684425528
2025-05-21,ILI incidence,2025-06-01,3,IE,quantile,0.15,0.6372619112890354
2025-05-21,ILI incidence,2025-06-08,4,IE,quantile,0.15,0.4418997890527419
2025-05-21,ILI incidence,2025-05-04,-1,IE,quantile,0.2,2.690429865910891
2025-05-21,ILI incidence,2025-05-11,0,IE,quantile,0.2,1.925627026375456
2025-05-21,ILI incidence,2025-05-18,1,IE,quantile,0.2,1.349036981520008
2025-05-21,ILI incidence,2025-05-25,2,IE,quantile,0.2,0.9568680711623406
2025-05-21,ILI incidence,2025-06-01,3,IE,quantile,0.2,0.6687621191472833
2025-05-21,ILI incidence,2025-06-08,4,IE,quantile,0.2,0.4841440472910623
2025-05-21,ILI incidence,2025-05-04,-1,IE,quantile,0.25,2.782974611332939
2025-05-21,ILI incidence,2025-05-11,0,IE,quantile,0.25,1.9669893533613885
2025-05-21,ILI incidence,2025-05-18,1,IE,quantile,0.25,1.4048424564641775
2025-05-21,ILI incidence,2025-05-25,2,IE,quantile,0.25,0.9876179042877828
2025-05-21,ILI incidence,2025-06-01,3,IE,quantile,0.25,0.7055566341080706
2025-05-21,ILI incidence,2025-06-08,4,IE,quantile,0.25,0.5186685733926399
2025-05-21,ILI incidence,2025-05-04,-1,IE,quantile,0.3,2.8430058163311327
2025-05-21,ILI incidence,2025-05-11,0,IE,quantile,0.3,2.0412144516819484
2025-05-21,ILI incidence,2025-05-18,1,IE,quantile,0.3,1.4665845910009294
2025-05-21,ILI incidence,2025-05-25,2,IE,quantile,0.3,1.0251825691759373
2025-05-21,ILI incidence,2025-06-01,3,IE,quantile,0.3,0.7377255696657649
2025-05-21,ILI incidence,2025-06-08,4,IE,quantile,0.3,0.5477039479686807
2025-05-21,ILI incidence,2025-05-04,-1,IE,quantile,0.35,2.8915081366863364
2025-05-21,ILI incidence,2025-05-11,0,IE,quantile,0.35,2.118717084771093
2025-05-21,ILI incidence,2025-05-18,1,IE,quantile,0.35,1.51764681137466
2025-05-21,ILI incidence,2025-05-25,2,IE,quantile,0.35,1.0696639743887295
2025-05-21,ILI incidence,2025-06-01,3,IE,quantile,0.35,0.7629815235843944
2025-05-21,ILI incidence,2025-06-08,4,IE,quantile,0.35,0.5676383788892594
2025-05-21,ILI incidence,2025-05-04,-1,IE,quantile,0.4,2.9716510175297914
2025-05-21,ILI incidence,2025-05-11,0,IE,quantile,0.4,2.185374502174695
2025-05-21,ILI incidence,2025-05-18,1,IE,quantile,0.4,1.55629991362787
2025-05-21,ILI incidence,2025-05-25,2,IE,quantile,0.4,1.1058109742709752
2025-05-21,ILI incidence,2025-06-01,3,IE,quantile,0.4,0.7857195737810996
2025-05-21,ILI incidence,2025-06-08,4,IE,quantile,0.4,0.5915101431946862
2025-05-21,ILI incidence,2025-05-04,-1,IE,quantile,0.45,3.045961448460268
2025-05-21,ILI incidence,2025-05-11,0,IE,quantile,0.45,2.231503411169239
2025-05-21,ILI incidence,2025-05-18,1,IE,quantile,0.45,1.5985328338752198
2025-05-21,ILI incidence,2025-05-25,2,IE,quantile,0.45,1.142593575895062
2025-05-21,ILI incidence,2025-06-01,3,IE,quantile,0.45,0.8186482605275419
2025-05-21,ILI incidence,2025-06-08,4,IE,quantile,0.45,0.6145342674602523
2025-05-21,ILI incidence,2025-05-04,-1,IE,quantile,0.5,3.141272428652272
2025-05-21,ILI incidence,2025-05-11,0,IE,quantile,0.5,2.290223260211559
2025-05-21,ILI incidence,2025-05-18,1,IE,quantile,0.5,1.6493592005692013
2025-05-21,ILI incidence,2025-05-25,2,IE,quantile,0.5,1.1852601598639418
2025-05-21,ILI incidence,2025-06-01,3,IE,quantile,0.5,0.8460727832016572
2025-05-21,ILI incidence,2025-06-08,4,IE,quantile,0.5,0.6403987394441151
2025-05-21,ILI incidence,2025-05-04,-1,IE,quantile,0.55,3.222692984081967
2025-05-21,ILI incidence,2025-05-11,0,IE,quantile,0.55,2.343074561020672
2025-05-21,ILI incidence,2025-05-18,1,IE,quantile,0.55,1.6890985297356922
2025-05-21,ILI incidence,2025-05-25,2,IE,quantile,0.55,1.2198089232458995
2025-05-21,ILI incidence,2025-06-01,3,IE,quantile,0.55,0.8887125239448689
2025-05-21,ILI incidence,2025-06-08,4,IE,quantile,0.55,0.670941286648966
2025-05-21,ILI incidence,2025-05-04,-1,IE,quantile,0.6,3.303481913233677
2025-05-21,ILI incidence,2025-05-11,0,IE,quantile,0.6,2.4303031616664224
2025-05-21,ILI incidence,2025-05-18,1,IE,quantile,0.6,1.7401675247782336
2025-05-21,ILI incidence,2025-05-25,2,IE,quantile,0.6,1.246884530963694
2025-05-21,ILI incidence,2025-06-01,3,IE,quantile,0.6,0.9220672248259884
2025-05-21,ILI incidence,2025-06-08,4,IE,quantile,0.6,0.688934520438602
2025-05-21,ILI incidence,2025-05-04,-1,IE,quantile,0.65,3.38742645547692
2025-05-21,ILI incidence,2025-05-11,0,IE,quantile,0.65,2.477004409090412
2025-05-21,ILI incidence,2025-05-18,1,IE,quantile,0.65,1.812821353594916
2025-05-21,ILI incidence,2025-05-25,2,IE,quantile,0.65,1.3051979488493646
2025-05-21,ILI incidence,2025-06-01,3,IE,quantile,0.65,0.9582444515329628
2025-05-21,ILI incidence,2025-06-08,4,IE,quantile,0.65,0.7210843346065249
2025-05-21,ILI incidence,2025-05-04,-1,IE,quantile,0.7,3.5072601703801656
2025-05-21,ILI incidence,2025-05-11,0,IE,quantile,0.7,2.566563362088237
2025-05-21,ILI incidence,2025-05-18,1,IE,quantile,0.7,1.8576174375799264
2025-05-21,ILI incidence,2025-05-25,2,IE,quantile,0.7,1.3471068557375891
2025-05-21,ILI incidence,2025-06-01,3,IE,quantile,0.7,0.992962461155488
2025-05-21,ILI incidence,2025-06-08,4,IE,quantile,0.7,0.7461567214281337
2025-05-21,ILI incidence,2025-05-04,-1,IE,quantile,0.75,3.592239302626485
2025-05-21,ILI incidence,2025-05-11,0,IE,quantile,0.75,2.6440005624125
2025-05-21,ILI incidence,2025-05-18,1,IE,quantile,0.75,1.9355733385159728
2025-05-21,ILI incidence,2025-05-25,2,IE,quantile,0.75,1.4094393917190309
2025-05-21,ILI incidence,2025-06-01,3,IE,quantile,0.75,1.0268253931160525
2025-05-21,ILI incidence,2025-06-08,4,IE,quantile,0.75,0.779624452927632
2025-05-21,ILI incidence,2025-05-04,-1,IE,quantile,0.8,3.6842926453611407
2025-05-21,ILI incidence,2025-05-11,0,IE,quantile,0.8,2.728219148089262
2025-05-21,ILI incidence,2025-05-18,1,IE,quantile,0.8,2.018095011945142
2025-05-21,ILI incidence,2025-05-25,2,IE,quantile,0.8,1.4767976889131442
2025-05-21,ILI incidence,2025-06-01,3,IE,quantile,0.8,1.0721199624940467
2025-05-21,ILI incidence,2025-06-08,4,IE,quantile,0.8,0.8205212885567151
2025-05-21,ILI incidence,2025-05-04,-1,IE,quantile,0.85,3.8080435719340433
2025-05-21,ILI incidence,2025-05-11,0,IE,quantile,0.85,2.8318955243140014
2025-05-21,ILI incidence,2025-05-18,1,IE,quantile,0.85,2.086141899600457
2025-05-21,ILI incidence,2025-05-25,2,IE,quantile,0.85,1.526816765749305
2025-05-21,ILI incidence,2025-06-01,3,IE,quantile,0.85,1.1464375598576677
2025-05-21,ILI incidence,2025-06-08,4,IE,quantile,0.85,0.88041834160595
2025-05-21,ILI incidence,2025-05-04,-1,IE,quantile,0.9,3.937713276543302
2025-05-21,ILI incidence,2025-05-11,0,IE,quantile,0.9,2.931251198503811
2025-05-21,ILI incidence,2025-05-18,1,IE,quantile,0.9,2.162029261729632
2025-05-21,ILI incidence,2025-05-25,2,IE,quantile,0.9,1.5739358688559748
2025-05-21,ILI incidence,2025-06-01,3,IE,quantile,0.9,1.2084013008721248
2025-05-21,ILI incidence,2025-06-08,4,IE,quantile,0.9,0.9312815939877328
2025-05-21,ILI incidence,2025-05-04,-1,IE,quantile,0.95,4.075888540461642
2025-05-21,ILI incidence,2025-05-11,0,IE,quantile,0.95,3.017701631395615
2025-05-21,ILI incidence,2025-05-18,1,IE,quantile,0.95,2.272961801573113
2025-05-21,ILI incidence,2025-05-25,2,IE,quantile,0.95,1.7494904774056623
2025-05-21,ILI incidence,2025-06-01,3,IE,quantile,0.95,1.3330448020542462
2025-05-21,ILI incidence,2025-06-08,4,IE,quantile,0.95,1.0363844921709449
2025-05-21,ILI incidence,2025-05-04,-1,IE,quantile,0.975,4.229705868527596
2025-05-21,ILI incidence,2025-05-11,0,IE,quantile,0.975,3.053251459312248
2025-05-21,ILI incidence,2025-05-18,1,IE,quantile,0.975,2.365504343207949
2025-05-21,ILI incidence,2025-05-25,2,IE,quantile,0.975,1.839746922479488
2025-05-21,ILI incidence,2025-06-01,3,IE,quantile,0.975,1.4441355214648597
2025-05-21,ILI incidence,2025-06-08,4,IE,quantile,0.975,1.1406412906446963
2025-05-21,ILI incidence,2025-05-04,-1,IE,quantile,0.99,4.310670876389821
2025-05-21,ILI incidence,2025-05-11,0,IE,quantile,0.99,3.087706011542908
2025-05-21,ILI incidence,2025-05-18,1,IE,quantile,0.99,2.4553575449467457
2025-05-21,ILI incidence,2025-05-25,2,IE,quantile,0.99,1.9512886833222944
2025-05-21,ILI incidence,2025-06-01,3,IE,quantile,0.99,1.557636378490714
2025-05-21,ILI incidence,2025-06-08,4,IE,quantile,0.99,1.2407371964667235
2025-05-21,ILI incidence,2025-05-04,-1,IS,quantile,0.01,1.0048837159942805
2025-05-21,ILI incidence,2025-05-11,0,IS,quantile,0.01,1.0608348797180285
2025-05-21,ILI incidence,2025-05-18,1,IS,quantile,0.01,0.5258698541794115
2025-05-21,ILI incidence,2025-05-25,2,IS,quantile,0.01,0.2310684204888819
2025-05-21,ILI incidence,2025-06-01,3,IS,quantile,0.01,0.1730248486701252
2025-05-21,ILI incidence,2025-06-08,4,IS,quantile,0.01,0.1027888211393402
2025-05-21,ILI incidence,2025-05-04,-1,IS,quantile,0.025,1.1311557205944276
2025-05-21,ILI incidence,2025-05-11,0,IS,quantile,0.025,1.0687431116204442
2025-05-21,ILI incidence,2025-05-18,1,IS,quantile,0.025,0.6474528611428814
2025-05-21,ILI incidence,2025-05-25,2,IS,quantile,0.025,0.3880013478199019
2025-05-21,ILI incidence,2025-06-01,3,IS,quantile,0.025,0.2337740309795967
2025-05-21,ILI incidence,2025-06-08,4,IS,quantile,0.025,0.1488178653734804
2025-05-21,ILI incidence,2025-05-04,-1,IS,quantile,0.05,1.2231486199089352
2025-05-21,ILI incidence,2025-05-11,0,IS,quantile,0.05,1.0808091552767751
2025-05-21,ILI incidence,2025-05-18,1,IS,quantile,0.05,0.7054212728560662
2025-05-21,ILI incidence,2025-05-25,2,IS,quantile,0.05,0.4571431471087908
2025-05-21,ILI incidence,2025-06-01,3,IS,quantile,0.05,0.2907013539221382
2025-05-21,ILI incidence,2025-06-08,4,IS,quantile,0.05,0.1958454694922684
2025-05-21,ILI incidence,2025-05-04,-1,IS,quantile,0.1,1.3095925446904584
2025-05-21,ILI incidence,2025-05-11,0,IS,quantile,0.1,1.1104942720233064
2025-05-21,ILI incidence,2025-05-18,1,IS,quantile,0.1,0.7773232265997982
2025-05-21,ILI incidence,2025-05-25,2,IS,quantile,0.1,0.546974083885085
2025-05-21,ILI incidence,2025-06-01,3,IS,quantile,0.1,0.3717619768815147
2025-05-21,ILI incidence,2025-06-08,4,IS,quantile,0.1,0.2670638537098246
2025-05-21,ILI incidence,2025-05-04,-1,IS,quantile,0.15,1.4088653472202708
2025-05-21,ILI incidence,2025-05-11,0,IS,quantile,0.15,1.1524964367418744
2025-05-21,ILI incidence,2025-05-18,1,IS,quantile,0.15,0.831412560129659
2025-05-21,ILI incidence,2025-05-25,2,IS,quantile,0.15,0.5899449395291725
2025-05-21,ILI incidence,2025-06-01,3,IS,quantile,0.15,0.4103333313606463
2025-05-21,ILI incidence,2025-06-08,4,IS,quantile,0.15,0.3047170000869649
2025-05-21,ILI incidence,2025-05-04,-1,IS,quantile,0.2,1.4988280636821725
2025-05-21,ILI incidence,2025-05-11,0,IS,quantile,0.2,1.1883042805003132
2025-05-21,ILI incidence,2025-05-18,1,IS,quantile,0.2,0.8705929954162828
2025-05-21,ILI incidence,2025-05-25,2,IS,quantile,0.2,0.6451306149349785
2025-05-21,ILI incidence,2025-06-01,3,IS,quantile,0.2,0.4496090221528504
2025-05-21,ILI incidence,2025-06-08,4,IS,quantile,0.2,0.3400258338536665
2025-05-21,ILI incidence,2025-05-04,-1,IS,quantile,0.25,1.5862340852407408
2025-05-21,ILI incidence,2025-05-11,0,IS,quantile,0.25,1.2459824278708085
2025-05-21,ILI incidence,2025-05-18,1,IS,quantile,0.25,0.924244801926032
2025-05-21,ILI incidence,2025-05-25,2,IS,quantile,0.25,0.677868239963023
2025-05-21,ILI incidence,2025-06-01,3,IS,quantile,0.25,0.495976920269213
2025-05-21,ILI incidence,2025-06-08,4,IS,quantile,0.25,0.3765817921867275
2025-05-21,ILI incidence,2025-05-04,-1,IS,quantile,0.3,1.692499254788065
2025-05-21,ILI incidence,2025-05-11,0,IS,quantile,0.3,1.2938868023081302
2025-05-21,ILI incidence,2025-05-18,1,IS,quantile,0.3,0.9702663495758846
2025-05-21,ILI incidence,2025-05-25,2,IS,quantile,0.3,0.7148464618937919
2025-05-21,ILI incidence,2025-06-01,3,IS,quantile,0.3,0.5359513043372316
2025-05-21,ILI incidence,2025-06-08,4,IS,quantile,0.3,0.4128435877136341
2025-05-21,ILI incidence,2025-05-04,-1,IS,quantile,0.35,1.753018612751681
2025-05-21,ILI incidence,2025-05-11,0,IS,quantile,0.35,1.3547150311789404
2025-05-21,ILI incidence,2025-05-18,1,IS,quantile,0.35,1.0045945080906913
2025-05-21,ILI incidence,2025-05-25,2,IS,quantile,0.35,0.7438333202729844
2025-05-21,ILI incidence,2025-06-01,3,IS,quantile,0.35,0.5707575280910364
2025-05-21,ILI incidence,2025-06-08,4,IS,quantile,0.35,0.4453316823624864
2025-05-21,ILI incidence,2025-05-04,-1,IS,quantile,0.4,1.7998666291657397
2025-05-21,ILI incidence,2025-05-11,0,IS,quantile,0.4,1.4006610982984138
2025-05-21,ILI incidence,2025-05-18,1,IS,quantile,0.4,1.0338700548813369
2025-05-21,ILI incidence,2025-05-25,2,IS,quantile,0.4,0.78342715773278
2025-05-21,ILI incidence,2025-06-01,3,IS,quantile,0.4,0.6021479713407999
2025-05-21,ILI incidence,2025-06-08,4,IS,quantile,0.4,0.4804742407248367
2025-05-21,ILI incidence,2025-05-04,-1,IS,quantile,0.45,1.864602086061856
2025-05-21,ILI incidence,2025-05-11,0,IS,quantile,0.45,1.434492519744912
2025-05-21,ILI incidence,2025-05-18,1,IS,quantile,0.45,1.0864976125065708
2025-05-21,ILI incidence,2025-05-25,2,IS,quantile,0.45,0.8221810783124065
2025-05-21,ILI incidence,2025-06-01,3,IS,quantile,0.45,0.625438785439451
2025-05-21,ILI incidence,2025-06-08,4,IS,quantile,0.45,0.5121373586485665
2025-05-21,ILI incidence,2025-05-04,-1,IS,quantile,0.5,1.91770749653538
2025-05-21,ILI incidence,2025-05-11,0,IS,quantile,0.5,1.4799327966177458
2025-05-21,ILI incidence,2025-05-18,1,IS,quantile,0.5,1.1136855054310109
2025-05-21,ILI incidence,2025-05-25,2,IS,quantile,0.5,0.8671627446125193
2025-05-21,ILI incidence,2025-06-01,3,IS,quantile,0.5,0.6721896251548589
2025-05-21,ILI incidence,2025-06-08,4,IS,quantile,0.5,0.5381073024072887
2025-05-21,ILI incidence,2025-05-04,-1,IS,quantile,0.55,1.9884287916362984
2025-05-21,ILI incidence,2025-05-11,0,IS,quantile,0.55,1.5384010027938666
2025-05-21,ILI incidence,2025-05-18,1,IS,quantile,0.55,1.1478119788248244
2025-05-21,ILI incidence,2025-05-25,2,IS,quantile,0.55,0.9202361837580352
2025-05-21,ILI incidence,2025-06-01,3,IS,quantile,0.55,0.7133583002142693
2025-05-21,ILI incidence,2025-06-08,4,IS,quantile,0.55,0.5655324970418629
2025-05-21,ILI incidence,2025-05-04,-1,IS,quantile,0.6,2.051228046771589
2025-05-21,ILI incidence,2025-05-11,0,IS,quantile,0.6,1.5734955917016495
2025-05-21,ILI incidence,2025-05-18,1,IS,quantile,0.6,1.2094726880382185
2025-05-21,ILI incidence,2025-05-25,2,IS,quantile,0.6,0.9621111456017886
2025-05-21,ILI incidence,2025-06-01,3,IS,quantile,0.6,0.7456493866377063
2025-05-21,ILI incidence,2025-06-08,4,IS,quantile,0.6,0.6032722014347639
2025-05-21,ILI incidence,2025-05-04,-1,IS,quantile,0.65,2.111330424445093
2025-05-21,ILI incidence,2025-05-11,0,IS,quantile,0.65,1.6213011443180891
2025-05-21,ILI incidence,2025-05-18,1,IS,quantile,0.65,1.2504883046561144
2025-05-21,ILI incidence,2025-05-25,2,IS,quantile,0.65,0.9962356688487576
2025-05-21,ILI incidence,2025-06-01,3,IS,quantile,0.65,0.7912917624316999
2025-05-21,ILI incidence,2025-06-08,4,IS,quantile,0.65,0.6370559783587972
2025-05-21,ILI incidence,2025-05-04,-1,IS,quantile,0.7,2.194416531479692
2025-05-21,ILI incidence,2025-05-11,0,IS,quantile,0.7,1.6614246050995678
2025-05-21,ILI incidence,2025-05-18,1,IS,quantile,0.7,1.3048356680735642
2025-05-21,ILI incidence,2025-05-25,2,IS,quantile,0.7,1.052176507444554
2025-05-21,ILI incidence,2025-06-01,3,IS,quantile,0.7,0.8459609230509717
2025-05-21,ILI incidence,2025-06-08,4,IS,quantile,0.7,0.6945306873301744
2025-05-21,ILI incidence,2025-05-04,-1,IS,quantile,0.75,2.252373679169361
2025-05-21,ILI incidence,2025-05-11,0,IS,quantile,0.75,1.710845168441384
2025-05-21,ILI incidence,2025-05-18,1,IS,quantile,0.75,1.3476864492613505
2025-05-21,ILI incidence,2025-05-25,2,IS,quantile,0.75,1.1074409230835882
2025-05-21,ILI incidence,2025-06-01,3,IS,quantile,0.75,0.8968233136338994
2025-05-21,ILI incidence,2025-06-08,4,IS,quantile,0.75,0.7428769399506172
2025-05-21,ILI incidence,2025-05-04,-1,IS,quantile,0.8,2.3292464373188566
2025-05-21,ILI incidence,2025-05-11,0,IS,quantile,0.8,1.7578800729969095
2025-05-21,ILI incidence,2025-05-18,1,IS,quantile,0.8,1.406610592470327
2025-05-21,ILI incidence,2025-05-25,2,IS,quantile,0.8,1.1822952258777584
2025-05-21,ILI incidence,2025-06-01,3,IS,quantile,0.8,0.9730481746651928
2025-05-21,ILI incidence,2025-06-08,4,IS,quantile,0.8,0.8057976386336293
2025-05-21,ILI incidence,2025-05-04,-1,IS,quantile,0.85,2.4234193573068907
2025-05-21,ILI incidence,2025-05-11,0,IS,quantile,0.85,1.8071658952692449
2025-05-21,ILI incidence,2025-05-18,1,IS,quantile,0.85,1.4718675425751884
2025-05-21,ILI incidence,2025-05-25,2,IS,quantile,0.85,1.2810568157448636
2025-05-21,ILI incidence,2025-06-01,3,IS,quantile,0.85,1.0633788074113515
2025-05-21,ILI incidence,2025-06-08,4,IS,quantile,0.85,0.8924437981098285
2025-05-21,ILI incidence,2025-05-04,-1,IS,quantile,0.9,2.590706868059263
2025-05-21,ILI incidence,2025-05-11,0,IS,quantile,0.9,1.8551045543975748
2025-05-21,ILI incidence,2025-05-18,1,IS,quantile,0.9,1.5955871286363768
2025-05-21,ILI incidence,2025-05-25,2,IS,quantile,0.9,1.4043689779297743
2025-05-21,ILI incidence,2025-06-01,3,IS,quantile,0.9,1.2006375242060516
2025-05-21,ILI incidence,2025-06-08,4,IS,quantile,0.9,0.9897785097445476
2025-05-21,ILI incidence,2025-05-04,-1,IS,quantile,0.95,2.843852593782531
2025-05-21,ILI incidence,2025-05-11,0,IS,quantile,0.95,1.9058150765925088
2025-05-21,ILI incidence,2025-05-18,1,IS,quantile,0.95,1.7901345808139753
2025-05-21,ILI incidence,2025-05-25,2,IS,quantile,0.95,1.606269680808116
2025-05-21,ILI incidence,2025-06-01,3,IS,quantile,0.95,1.3895046164920588
2025-05-21,ILI incidence,2025-06-08,4,IS,quantile,0.95,1.2393709492397198
2025-05-21,ILI incidence,2025-05-04,-1,IS,quantile,0.975,3.04135031860684
2025-05-21,ILI incidence,2025-05-11,0,IS,quantile,0.975,1.925785683920904
2025-05-21,ILI incidence,2025-05-18,1,IS,quantile,0.975,2.043723406221646
2025-05-21,ILI incidence,2025-05-25,2,IS,quantile,0.975,1.952362528575652
2025-05-21,ILI incidence,2025-06-01,3,IS,quantile,0.975,1.7134434876285214
2025-05-21,ILI incidence,2025-06-08,4,IS,quantile,0.975,1.5650949229905478
2025-05-21,ILI incidence,2025-05-04,-1,IS,quantile,0.99,3.338495636509635
2025-05-21,ILI incidence,2025-05-11,0,IS,quantile,0.99,1.939808510034508
2025-05-21,ILI incidence,2025-05-18,1,IS,quantile,0.99,2.21366244346623
2025-05-21,ILI incidence,2025-05-25,2,IS,quantile,0.99,2.476329375173112
2025-05-21,ILI incidence,2025-06-01,3,IS,quantile,0.99,2.4543399816986726
2025-05-21,ILI incidence,2025-06-08,4,IS,quantile,0.99,2.040741239678141
2025-05-21,ILI incidence,2025-05-04,-1,LT,quantile,0.01,17.955521048157976
2025-05-21,ILI incidence,2025-05-11,0,LT,quantile,0.01,11.788616127957567
2025-05-21,ILI incidence,2025-05-18,1,LT,quantile,0.01,6.538102935378879
2025-05-21,ILI incidence,2025-05-25,2,LT,quantile,0.01,3.3638082437198555
2025-05-21,ILI incidence,2025-06-01,3,LT,quantile,0.01,1.6845147329577728
2025-05-21,ILI incidence,2025-06-08,4,LT,quantile,0.01,0.8179116392405881
2025-05-21,ILI incidence,2025-05-04,-1,LT,quantile,0.025,18.60947651209002
2025-05-21,ILI incidence,2025-05-11,0,LT,quantile,0.025,11.95762094053092
2025-05-21,ILI incidence,2025-05-18,1,LT,quantile,0.025,6.8128217012088506
2025-05-21,ILI incidence,2025-05-25,2,LT,quantile,0.025,3.693526378020531
2025-05-21,ILI incidence,2025-06-01,3,LT,quantile,0.025,1.879795401206428
2025-05-21,ILI incidence,2025-06-08,4,LT,quantile,0.025,0.9499417619188056
2025-05-21,ILI incidence,2025-05-04,-1,LT,quantile,0.05,19.13573923225219
2025-05-21,ILI incidence,2025-05-11,0,LT,quantile,0.05,12.168598476689253
2025-05-21,ILI incidence,2025-05-18,1,LT,quantile,0.05,7.216134141410309
2025-05-21,ILI incidence,2025-05-25,2,LT,quantile,0.05,4.008340619171462
2025-05-21,ILI incidence,2025-06-01,3,LT,quantile,0.05,2.1099110093288567
2025-05-21,ILI incidence,2025-06-08,4,LT,quantile,0.05,1.06644320963489
2025-05-21,ILI incidence,2025-05-04,-1,LT,quantile,0.1,19.881485856971608
2025-05-21,ILI incidence,2025-05-11,0,LT,quantile,0.1,12.5879411334481
2025-05-21,ILI incidence,2025-05-18,1,LT,quantile,0.1,7.690832664581622
2025-05-21,ILI incidence,2025-05-25,2,LT,quantile,0.1,4.417770857690437
2025-05-21,ILI incidence,2025-06-01,3,LT,quantile,0.1,2.42348519883072
2025-05-21,ILI incidence,2025-06-08,4,LT,quantile,0.1,1.2694598364244694
2025-05-21,ILI incidence,2025-05-04,-1,LT,quantile,0.15,20.89638518554684
2025-05-21,ILI incidence,2025-05-11,0,LT,quantile,0.15,13.161282568377672
2025-05-21,ILI incidence,2025-05-18,1,LT,quantile,0.15,8.03176532627179
2025-05-21,ILI incidence,2025-05-25,2,LT,quantile,0.15,4.683477911031577
2025-05-21,ILI incidence,2025-06-01,3,LT,quantile,0.15,2.631647383823407
2025-05-21,ILI incidence,2025-06-08,4,LT,quantile,0.15,1.4231006514008442
2025-05-21,ILI incidence,2025-05-04,-1,LT,quantile,0.2,21.50494865289515
2025-05-21,ILI incidence,2025-05-11,0,LT,quantile,0.2,13.56389500628982
2025-05-21,ILI incidence,2025-05-18,1,LT,quantile,0.2,8.306654891735354
2025-05-21,ILI incidence,2025-05-25,2,LT,quantile,0.2,4.933187063042608
2025-05-21,ILI incidence,2025-06-01,3,LT,quantile,0.2,2.7958780079159102
2025-05-21,ILI incidence,2025-06-08,4,LT,quantile,0.2,1.5404655978226551
2025-05-21,ILI incidence,2025-05-04,-1,LT,quantile,0.25,22.3500547269035
2025-05-21,ILI incidence,2025-05-11,0,LT,quantile,0.25,14.077081015502596
2025-05-21,ILI incidence,2025-05-18,1,LT,quantile,0.25,8.654543369350208
2025-05-21,ILI incidence,2025-05-25,2,LT,quantile,0.25,5.141796754525319
2025-05-21,ILI incidence,2025-06-01,3,LT,quantile,0.25,2.912660463087607
2025-05-21,ILI incidence,2025-06-08,4,LT,quantile,0.25,1.6566950134240086
2025-05-21,ILI incidence,2025-05-04,-1,LT,quantile,0.3,23.042460995239853
2025-05-21,ILI incidence,2025-05-11,0,LT,quantile,0.3,14.591716193934214
2025-05-21,ILI incidence,2025-05-18,1,LT,quantile,0.3,8.951324320346046
2025-05-21,ILI incidence,2025-05-25,2,LT,quantile,0.3,5.364797014090541
2025-05-21,ILI incidence,2025-06-01,3,LT,quantile,0.3,3.064023501778907
2025-05-21,ILI incidence,2025-06-08,4,LT,quantile,0.3,1.7488278234263146
2025-05-21,ILI incidence,2025-05-04,-1,LT,quantile,0.35,23.664882956174136
2025-05-21,ILI incidence,2025-05-11,0,LT,quantile,0.35,14.948946009007525
2025-05-21,ILI incidence,2025-05-18,1,LT,quantile,0.35,9.196971506493844
2025-05-21,ILI incidence,2025-05-25,2,LT,quantile,0.35,5.579245203850514
2025-05-21,ILI incidence,2025-06-01,3,LT,quantile,0.35,3.190986916568643
2025-05-21,ILI incidence,2025-06-08,4,LT,quantile,0.35,1.8345332232097031
2025-05-21,ILI incidence,2025-05-04,-1,LT,quantile,0.4,24.45889704423696
2025-05-21,ILI incidence,2025-05-11,0,LT,quantile,0.4,15.532893079697482
2025-05-21,ILI incidence,2025-05-18,1,LT,quantile,0.4,9.57565025440708
2025-05-21,ILI incidence,2025-05-25,2,LT,quantile,0.4,5.766839658878323
2025-05-21,ILI incidence,2025-06-01,3,LT,quantile,0.4,3.352621349043233
2025-05-21,ILI incidence,2025-06-08,4,LT,quantile,0.4,1.946454322014988
2025-05-21,ILI incidence,2025-05-04,-1,LT,quantile,0.45,25.218713455271136
2025-05-21,ILI incidence,2025-05-11,0,LT,quantile,0.45,16.042359366081474
2025-05-21,ILI incidence,2025-05-18,1,LT,quantile,0.45,9.943356514111828
2025-05-21,ILI incidence,2025-05-25,2,LT,quantile,0.45,5.955355519914884
2025-05-21,ILI incidence,2025-06-01,3,LT,quantile,0.45,3.515786212541384
2025-05-21,ILI incidence,2025-06-08,4,LT,quantile,0.45,2.050835742755633
2025-05-21,ILI incidence,2025-05-04,-1,LT,quantile,0.5,25.82186059155321
2025-05-21,ILI incidence,2025-05-11,0,LT,quantile,0.5,16.573402904179172
2025-05-21,ILI incidence,2025-05-18,1,LT,quantile,0.5,10.28467030890317
2025-05-21,ILI incidence,2025-05-25,2,LT,quantile,0.5,6.15073095823006
2025-05-21,ILI incidence,2025-06-01,3,LT,quantile,0.5,3.6415150942590815
2025-05-21,ILI incidence,2025-06-08,4,LT,quantile,0.5,2.166855185349447
2025-05-21,ILI incidence,2025-05-04,-1,LT,quantile,0.55,26.39391377978341
2025-05-21,ILI incidence,2025-05-11,0,LT,quantile,0.55,17.10576144963585
2025-05-21,ILI incidence,2025-05-18,1,LT,quantile,0.55,10.578467270556107
2025-05-21,ILI incidence,2025-05-25,2,LT,quantile,0.55,6.420837976640144
2025-05-21,ILI incidence,2025-06-01,3,LT,quantile,0.55,3.813807290990393
2025-05-21,ILI incidence,2025-06-08,4,LT,quantile,0.55,2.2989493138321344
2025-05-21,ILI incidence,2025-05-04,-1,LT,quantile,0.6,27.110818317555506
2025-05-21,ILI incidence,2025-05-11,0,LT,quantile,0.6,17.58147503320358
2025-05-21,ILI incidence,2025-05-18,1,LT,quantile,0.6,10.927881975644526
2025-05-21,ILI incidence,2025-05-25,2,LT,quantile,0.6,6.637774967777893
2025-05-21,ILI incidence,2025-06-01,3,LT,quantile,0.6,4.006615343336876
2025-05-21,ILI incidence,2025-06-08,4,LT,quantile,0.6,2.4096129841272624
2025-05-21,ILI incidence,2025-05-04,-1,LT,quantile,0.65,27.80593905396353
2025-05-21,ILI incidence,2025-05-11,0,LT,quantile,0.65,18.13352858238589
2025-05-21,ILI incidence,2025-05-18,1,LT,quantile,0.65,11.319625992278304
2025-05-21,ILI incidence,2025-05-25,2,LT,quantile,0.65,6.8979375505744
2025-05-21,ILI incidence,2025-06-01,3,LT,quantile,0.65,4.20970777720273
2025-05-21,ILI incidence,2025-06-08,4,LT,quantile,0.65,2.5178128321860545
2025-05-21,ILI incidence,2025-05-04,-1,LT,quantile,0.7,28.46958319697721
2025-05-21,ILI incidence,2025-05-11,0,LT,quantile,0.7,18.586024325724484
2025-05-21,ILI incidence,2025-05-18,1,LT,quantile,0.7,11.65452039390551
2025-05-21,ILI incidence,2025-05-25,2,LT,quantile,0.7,7.162869677618918
2025-05-21,ILI incidence,2025-06-01,3,LT,quantile,0.7,4.392117392804562
2025-05-21,ILI incidence,2025-06-08,4,LT,quantile,0.7,2.649762217776216
2025-05-21,ILI incidence,2025-05-04,-1,LT,quantile,0.75,29.35841841502717
2025-05-21,ILI incidence,2025-05-11,0,LT,quantile,0.75,19.12207753921161
2025-05-21,ILI incidence,2025-05-18,1,LT,quantile,0.75,12.05872681096659
2025-05-21,ILI incidence,2025-05-25,2,LT,quantile,0.75,7.422777962342894
2025-05-21,ILI incidence,2025-06-01,3,LT,quantile,0.75,4.58850067083808
2025-05-21,ILI incidence,2025-06-08,4,LT,quantile,0.75,2.818902006712305
2025-05-21,ILI incidence,2025-05-04,-1,LT,quantile,0.8,30.141903519775425
2025-05-21,ILI incidence,2025-05-11,0,LT,quantile,0.8,19.64825969850217
2025-05-21,ILI incidence,2025-05-18,1,LT,quantile,0.8,12.48257378528182
2025-05-21,ILI incidence,2025-05-25,2,LT,quantile,0.8,7.792469065059611
2025-05-21,ILI incidence,2025-06-01,3,LT,quantile,0.8,4.7983928384308046
2025-05-21,ILI incidence,2025-06-08,4,LT,quantile,0.8,3.0091816873434643
2025-05-21,ILI incidence,2025-05-04,-1,LT,quantile,0.85,30.90273422681288
2025-05-21,ILI incidence,2025-05-11,0,LT,quantile,0.85,20.095510437457687
2025-05-21,ILI incidence,2025-05-18,1,LT,quantile,0.85,12.819679184045745
2025-05-21,ILI incidence,2025-05-25,2,LT,quantile,0.85,8.088010531561242
2025-05-21,ILI incidence,2025-06-01,3,LT,quantile,0.85,5.129771368112858
2025-05-21,ILI incidence,2025-06-08,4,LT,quantile,0.85,3.2220791979983905
2025-05-21,ILI incidence,2025-05-04,-1,LT,quantile,0.9,31.96277370081804
2025-05-21,ILI incidence,2025-05-11,0,LT,quantile,0.9,20.645591148187435
2025-05-21,ILI incidence,2025-05-18,1,LT,quantile,0.9,13.376687719117882
2025-05-21,ILI incidence,2025-05-25,2,LT,quantile,0.9,8.580425612831496
2025-05-21,ILI incidence,2025-06-01,3,LT,quantile,0.9,5.499645662132989
2025-05-21,ILI incidence,2025-06-08,4,LT,quantile,0.9,3.490879436809256
2025-05-21,ILI incidence,2025-05-04,-1,LT,quantile,0.95,33.18888194141802
2025-05-21,ILI incidence,2025-05-11,0,LT,quantile,0.95,21.18091385235819
2025-05-21,ILI incidence,2025-05-18,1,LT,quantile,0.95,14.09605974953691
2025-05-21,ILI incidence,2025-05-25,2,LT,quantile,0.95,9.271639009328045
2025-05-21,ILI incidence,2025-06-01,3,LT,quantile,0.95,6.007944379113501
2025-05-21,ILI incidence,2025-06-08,4,LT,quantile,0.95,3.944454916457681
2025-05-21,ILI incidence,2025-05-04,-1,LT,quantile,0.975,34.06307750862187
2025-05-21,ILI incidence,2025-05-11,0,LT,quantile,0.975,21.473026329847933
2025-05-21,ILI incidence,2025-05-18,1,LT,quantile,0.975,14.59138587383073
2025-05-21,ILI incidence,2025-05-25,2,LT,quantile,0.975,9.832743882114157
2025-05-21,ILI incidence,2025-06-01,3,LT,quantile,0.975,6.431538894587958
2025-05-21,ILI incidence,2025-06-08,4,LT,quantile,0.975,4.38317322998215
2025-05-21,ILI incidence,2025-05-04,-1,LT,quantile,0.99,35.103183846992344
2025-05-21,ILI incidence,2025-05-11,0,LT,quantile,0.99,21.61746935688566
2025-05-21,ILI incidence,2025-05-18,1,LT,quantile,0.99,15.095568341613829
2025-05-21,ILI incidence,2025-05-25,2,LT,quantile,0.99,10.362678276512748
2025-05-21,ILI incidence,2025-06-01,3,LT,quantile,0.99,6.970082712733357
2025-05-21,ILI incidence,2025-06-08,4,LT,quantile,0.99,4.7552234436024845
2025-05-21,ILI incidence,2025-05-04,-1,NL,quantile,0.01,9.9177200102433
2025-05-21,ILI incidence,2025-05-11,0,NL,quantile,0.01,7.687650147519628
2025-05-21,ILI incidence,2025-05-18,1,NL,quantile,0.01,5.16010813426828
2025-05-21,ILI incidence,2025-05-25,2,NL,quantile,0.01,3.289447597974713
2025-05-21,ILI incidence,2025-06-01,3,NL,quantile,0.01,2.034887761712
2025-05-21,ILI incidence,2025-06-08,4,NL,quantile,0.01,1.2555449511699648
2025-05-21,ILI incidence,2025-05-04,-1,NL,quantile,0.025,10.273527820121748
2025-05-21,ILI incidence,2025-05-11,0,NL,quantile,0.025,7.744810165837756
2025-05-21,ILI incidence,2025-05-18,1,NL,quantile,0.025,5.331474577917793
2025-05-21,ILI incidence,2025-05-25,2,NL,quantile,0.025,3.516993188767147
2025-05-21,ILI incidence,2025-06-01,3,NL,quantile,0.025,2.2288259930346515
2025-05-21,ILI incidence,2025-06-08,4,NL,quantile,0.025,1.380998449613496
2025-05-21,ILI incidence,2025-05-04,-1,NL,quantile,0.05,10.581595704042662
2025-05-21,ILI incidence,2025-05-11,0,NL,quantile,0.05,7.856002900323101
2025-05-21,ILI incidence,2025-05-18,1,NL,quantile,0.05,5.539778826878924
2025-05-21,ILI incidence,2025-05-25,2,NL,quantile,0.05,3.740315039142966
2025-05-21,ILI incidence,2025-06-01,3,NL,quantile,0.05,2.411846918248066
2025-05-21,ILI incidence,2025-06-08,4,NL,quantile,0.05,1.5000122700408396
2025-05-21,ILI incidence,2025-05-04,-1,NL,quantile,0.1,11.062472972427091
2025-05-21,ILI incidence,2025-05-11,0,NL,quantile,0.1,8.18841944589432
2025-05-21,ILI incidence,2025-05-18,1,NL,quantile,0.1,5.807780637840157
2025-05-21,ILI incidence,2025-05-25,2,NL,quantile,0.1,3.946506301726812
2025-05-21,ILI incidence,2025-06-01,3,NL,quantile,0.1,2.62314537645823
2025-05-21,ILI incidence,2025-06-08,4,NL,quantile,0.1,1.716904354070364
2025-05-21,ILI incidence,2025-05-04,-1,NL,quantile,0.15,11.461196688835088
2025-05-21,ILI incidence,2025-05-11,0,NL,quantile,0.15,8.48345761815708
2025-05-21,ILI incidence,2025-05-18,1,NL,quantile,0.15,6.080088313992449
2025-05-21,ILI incidence,2025-05-25,2,NL,quantile,0.15,4.173610773520776
2025-05-21,ILI incidence,2025-06-01,3,NL,quantile,0.15,2.808308168720618
2025-05-21,ILI incidence,2025-06-08,4,NL,quantile,0.15,1.8528825690619803
2025-05-21,ILI incidence,2025-05-04,-1,NL,quantile,0.2,11.82379261933206
2025-05-21,ILI incidence,2025-05-11,0,NL,quantile,0.2,8.761860515560084
2025-05-21,ILI incidence,2025-05-18,1,NL,quantile,0.2,6.316198038525233
2025-05-21,ILI incidence,2025-05-25,2,NL,quantile,0.2,4.420363268179194
2025-05-21,ILI incidence,2025-06-01,3,NL,quantile,0.2,2.969288865905888
2025-05-21,ILI incidence,2025-06-08,4,NL,quantile,0.2,1.99593610726793
2025-05-21,ILI incidence,2025-05-04,-1,NL,quantile,0.25,12.182433399895933
2025-05-21,ILI incidence,2025-05-11,0,NL,quantile,0.25,9.121927044822188
2025-05-21,ILI incidence,2025-05-18,1,NL,quantile,0.25,6.617060630106427
2025-05-21,ILI incidence,2025-05-25,2,NL,quantile,0.25,4.653313864132472
2025-05-21,ILI incidence,2025-06-01,3,NL,quantile,0.25,3.1684266642560632
2025-05-21,ILI incidence,2025-06-08,4,NL,quantile,0.25,2.1174183545921177
2025-05-21,ILI incidence,2025-05-04,-1,NL,quantile,0.3,12.517499203896136
2025-05-21,ILI incidence,2025-05-11,0,NL,quantile,0.3,9.38993466721948
2025-05-21,ILI incidence,2025-05-18,1,NL,quantile,0.3,6.825014472979728
2025-05-21,ILI incidence,2025-05-25,2,NL,quantile,0.3,4.855383192177055
2025-05-21,ILI incidence,2025-06-01,3,NL,quantile,0.3,3.35158929538386
2025-05-21,ILI incidence,2025-06-08,4,NL,quantile,0.3,2.280702662070431
2025-05-21,ILI incidence,2025-05-04,-1,NL,quantile,0.35,12.924543738069184
2025-05-21,ILI incidence,2025-05-11,0,NL,quantile,0.35,9.685421126310889
2025-05-21,ILI incidence,2025-05-18,1,NL,quantile,0.35,7.076894514380236
2025-05-21,ILI incidence,2025-05-25,2,NL,quantile,0.35,5.031069930328696
2025-05-21,ILI incidence,2025-06-01,3,NL,quantile,0.35,3.501346454472912
2025-05-21,ILI incidence,2025-06-08,4,NL,quantile,0.35,2.4003735315185484
2025-05-21,ILI incidence,2025-05-04,-1,NL,quantile,0.4,13.225695894920593
2025-05-21,ILI incidence,2025-05-11,0,NL,quantile,0.4,10.00705649577522
2025-05-21,ILI incidence,2025-05-18,1,NL,quantile,0.4,7.341201397178363
2025-05-21,ILI incidence,2025-05-25,2,NL,quantile,0.4,5.279955564336515
2025-05-21,ILI incidence,2025-06-01,3,NL,quantile,0.4,3.69775820411448
2025-05-21,ILI incidence,2025-06-08,4,NL,quantile,0.4,2.542682052282617
2025-05-21,ILI incidence,2025-05-04,-1,NL,quantile,0.45,13.572804514606077
2025-05-21,ILI incidence,2025-05-11,0,NL,quantile,0.45,10.34913931317756
2025-05-21,ILI incidence,2025-05-18,1,NL,quantile,0.45,7.594315609952405
2025-05-21,ILI incidence,2025-05-25,2,NL,quantile,0.45,5.487018529070657
2025-05-21,ILI incidence,2025-06-01,3,NL,quantile,0.45,3.888761531207121
2025-05-21,ILI incidence,2025-06-08,4,NL,quantile,0.45,2.6759859002061206
2025-05-21,ILI incidence,2025-05-04,-1,NL,quantile,0.5,13.88458689833653
2025-05-21,ILI incidence,2025-05-11,0,NL,quantile,0.5,10.64002612673744
2025-05-21,ILI incidence,2025-05-18,1,NL,quantile,0.5,7.933354034891468
2025-05-21,ILI incidence,2025-05-25,2,NL,quantile,0.5,5.726487045579679
2025-05-21,ILI incidence,2025-06-01,3,NL,quantile,0.5,4.079471710941922
2025-05-21,ILI incidence,2025-06-08,4,NL,quantile,0.5,2.8629540578647985
2025-05-21,ILI incidence,2025-05-04,-1,NL,quantile,0.55,14.324346735979349
2025-05-21,ILI incidence,2025-05-11,0,NL,quantile,0.55,10.937619890895911
2025-05-21,ILI incidence,2025-05-18,1,NL,quantile,0.55,8.173361770836898
2025-05-21,ILI incidence,2025-05-25,2,NL,quantile,0.55,5.968476888672029
2025-05-21,ILI incidence,2025-06-01,3,NL,quantile,0.55,4.303269825965003
2025-05-21,ILI incidence,2025-06-08,4,NL,quantile,0.55,3.0381944954641487
2025-05-21,ILI incidence,2025-05-04,-1,NL,quantile,0.6,14.660553767504291
2025-05-21,ILI incidence,2025-05-11,0,NL,quantile,0.6,11.224224336389543
2025-05-21,ILI incidence,2025-05-18,1,NL,quantile,0.6,8.41021811180431
2025-05-21,ILI incidence,2025-05-25,2,NL,quantile,0.6,6.186860250313585
2025-05-21,ILI incidence,2025-06-01,3,NL,quantile,0.6,4.4860904696639405
2025-05-21,ILI incidence,2025-06-08,4,NL,quantile,0.6,3.1960915611213627
2025-05-21,ILI incidence,2025-05-04,-1,NL,quantile,0.65,15.013256448861693
2025-05-21,ILI incidence,2025-05-11,0,NL,quantile,0.65,11.590766665943338
2025-05-21,ILI incidence,2025-05-18,1,NL,quantile,0.65,8.724118673678635
2025-05-21,ILI incidence,2025-05-25,2,NL,quantile,0.65,6.403312459195547
2025-05-21,ILI incidence,2025-06-01,3,NL,quantile,0.65,4.676920922506043
2025-05-21,ILI incidence,2025-06-08,4,NL,quantile,0.65,3.3337592680741013
2025-05-21,ILI incidence,2025-05-04,-1,NL,quantile,0.7,15.388397781476698
2025-05-21,ILI incidence,2025-05-11,0,NL,quantile,0.7,11.909494357131289
2025-05-21,ILI incidence,2025-05-18,1,NL,quantile,0.7,9.048256578764676
2025-05-21,ILI incidence,2025-05-25,2,NL,quantile,0.7,6.746033125850941
2025-05-21,ILI incidence,2025-06-01,3,NL,quantile,0.7,4.9054510062677625
2025-05-21,ILI incidence,2025-06-08,4,NL,quantile,0.7,3.558983271894972
2025-05-21,ILI incidence,2025-05-04,-1,NL,quantile,0.75,15.719036947376672
2025-05-21,ILI incidence,2025-05-11,0,NL,quantile,0.75,12.29466478051075
2025-05-21,ILI incidence,2025-05-18,1,NL,quantile,0.75,9.358525643099911
2025-05-21,ILI incidence,2025-05-25,2,NL,quantile,0.75,7.004983111709016
2025-05-21,ILI incidence,2025-06-01,3,NL,quantile,0.75,5.17758847762018
2025-05-21,ILI incidence,2025-06-08,4,NL,quantile,0.75,3.7658004010905177
2025-05-21,ILI incidence,2025-05-04,-1,NL,quantile,0.8,16.12431026142792
2025-05-21,ILI incidence,2025-05-11,0,NL,quantile,0.8,12.664316984331428
2025-05-21,ILI incidence,2025-05-18,1,NL,quantile,0.8,9.673431453055512
2025-05-21,ILI incidence,2025-05-25,2,NL,quantile,0.8,7.36820873399309
2025-05-21,ILI incidence,2025-06-01,3,NL,quantile,0.8,5.453947705130834
2025-05-21,ILI incidence,2025-06-08,4,NL,quantile,0.8,3.99847714844998
2025-05-21,ILI incidence,2025-05-04,-1,NL,quantile,0.85,16.6419331726756
2025-05-21,ILI incidence,2025-05-11,0,NL,quantile,0.85,13.026664622637778
2025-05-21,ILI incidence,2025-05-18,1,NL,quantile,0.85,10.014208602789312
2025-05-21,ILI incidence,2025-05-25,2,NL,quantile,0.85,7.633263941132402
2025-05-21,ILI incidence,2025-06-01,3,NL,quantile,0.85,5.826769606009412
2025-05-21,ILI incidence,2025-06-08,4,NL,quantile,0.85,4.34623281782924
2025-05-21,ILI incidence,2025-05-04,-1,NL,quantile,0.9,17.19836363093851
2025-05-21,ILI incidence,2025-05-11,0,NL,quantile,0.9,13.39202184343596
2025-05-21,ILI incidence,2025-05-18,1,NL,quantile,0.9,10.364742540678414
2025-05-21,ILI incidence,2025-05-25,2,NL,quantile,0.9,8.104219711624808
2025-05-21,ILI incidence,2025-06-01,3,NL,quantile,0.9,6.317689293059534
2025-05-21,ILI incidence,2025-06-08,4,NL,quantile,0.9,4.840976351018689
2025-05-21,ILI incidence,2025-05-04,-1,NL,quantile,0.95,17.92432029269993
2025-05-21,ILI incidence,2025-05-11,0,NL,quantile,0.95,13.717959444193196
2025-05-21,ILI incidence,2025-05-18,1,NL,quantile,0.95,10.984308763084616
2025-05-21,ILI incidence,2025-05-25,2,NL,quantile,0.95,8.780448328866505
2025-05-21,ILI incidence,2025-06-01,3,NL,quantile,0.95,7.116633312352444
2025-05-21,ILI incidence,2025-06-08,4,NL,quantile,0.95,5.662559578482991
2025-05-21,ILI incidence,2025-05-04,-1,NL,quantile,0.975,18.35296417298183
2025-05-21,ILI incidence,2025-05-11,0,NL,quantile,0.975,13.886083476617314
2025-05-21,ILI incidence,2025-05-18,1,NL,quantile,0.975,11.435835145675997
2025-05-21,ILI incidence,2025-05-25,2,NL,quantile,0.975,9.49976423349432
2025-05-21,ILI incidence,2025-06-01,3,NL,quantile,0.975,7.892971744143378
2025-05-21,ILI incidence,2025-06-08,4,NL,quantile,0.975,6.403034273536145
2025-05-21,ILI incidence,2025-05-04,-1,NL,quantile,0.99,18.946595647362177
2025-05-21,ILI incidence,2025-05-11,0,NL,quantile,0.99,14.028088200737637
2025-05-21,ILI incidence,2025-05-18,1,NL,quantile,0.99,11.72164888033253
2025-05-21,ILI incidence,2025-05-25,2,NL,quantile,0.99,10.077235709107546
2025-05-21,ILI incidence,2025-06-01,3,NL,quantile,0.99,8.432086723610848
2025-05-21,ILI incidence,2025-06-08,4,NL,quantile,0.99,6.764112071665258
2025-05-21,ILI incidence,2025-05-04,-1,NO,quantile,0.01,15.316994461711
2025-05-21,ILI incidence,2025-05-11,0,NO,quantile,0.01,11.285003999400336
2025-05-21,ILI incidence,2025-05-18,1,NO,quantile,0.01,7.055408816164043
2025-05-21,ILI incidence,2025-05-25,2,NO,quantile,0.01,4.074274527000823
2025-05-21,ILI incidence,2025-06-01,3,NO,quantile,0.01,2.2942524453456272
2025-05-21,ILI incidence,2025-06-08,4,NO,quantile,0.01,1.1991937257135183
2025-05-21,ILI incidence,2025-05-04,-1,NO,quantile,0.025,15.958673855566566
2025-05-21,ILI incidence,2025-05-11,0,NO,quantile,0.025,11.398736831384388
2025-05-21,ILI incidence,2025-05-18,1,NO,quantile,0.025,7.359314220635463
2025-05-21,ILI incidence,2025-05-25,2,NO,quantile,0.025,4.2878762346132495
2025-05-21,ILI incidence,2025-06-01,3,NO,quantile,0.025,2.435032958372505
2025-05-21,ILI incidence,2025-06-08,4,NO,quantile,0.025,1.3537931984123943
2025-05-21,ILI incidence,2025-05-04,-1,NO,quantile,0.05,16.36003526232401
2025-05-21,ILI incidence,2025-05-11,0,NO,quantile,0.05,11.543083839953788
2025-05-21,ILI incidence,2025-05-18,1,NO,quantile,0.05,7.579588374643255
2025-05-21,ILI incidence,2025-05-25,2,NO,quantile,0.05,4.6220902168106885
2025-05-21,ILI incidence,2025-06-01,3,NO,quantile,0.05,2.6866036854330955
2025-05-21,ILI incidence,2025-06-08,4,NO,quantile,0.05,1.4751709740361842
2025-05-21,ILI incidence,2025-05-04,-1,NO,quantile,0.1,17.075183071693534
2025-05-21,ILI incidence,2025-05-11,0,NO,quantile,0.1,12.03096923430264
2025-05-21,ILI incidence,2025-05-18,1,NO,quantile,0.1,7.997083661452199
2025-05-21,ILI incidence,2025-05-25,2,NO,quantile,0.1,5.042783622515168
2025-05-21,ILI incidence,2025-06-01,3,NO,quantile,0.1,3.059910559521872
2025-05-21,ILI incidence,2025-06-08,4,NO,quantile,0.1,1.7542098883664432
2025-05-21,ILI incidence,2025-05-04,-1,NO,quantile,0.15,17.799933522667338
2025-05-21,ILI incidence,2025-05-11,0,NO,quantile,0.15,12.475803439821853
2025-05-21,ILI incidence,2025-05-18,1,NO,quantile,0.15,8.376256316050226
2025-05-21,ILI incidence,2025-05-25,2,NO,quantile,0.15,5.356655597054752
2025-05-21,ILI incidence,2025-06-01,3,NO,quantile,0.15,3.2979389364390057
2025-05-21,ILI incidence,2025-06-08,4,NO,quantile,0.15,1.9772990904063223
2025-05-21,ILI incidence,2025-05-04,-1,NO,quantile,0.2,18.41944331802852
2025-05-21,ILI incidence,2025-05-11,0,NO,quantile,0.2,12.884548279378889
2025-05-21,ILI incidence,2025-05-18,1,NO,quantile,0.2,8.683768531514788
2025-05-21,ILI incidence,2025-05-25,2,NO,quantile,0.2,5.636547874018081
2025-05-21,ILI incidence,2025-06-01,3,NO,quantile,0.2,3.5346451062632256
2025-05-21,ILI incidence,2025-06-08,4,NO,quantile,0.2,2.1418173241393395
2025-05-21,ILI incidence,2025-05-04,-1,NO,quantile,0.25,19.00234958312928
2025-05-21,ILI incidence,2025-05-11,0,NO,quantile,0.25,13.391918221495754
2025-05-21,ILI incidence,2025-05-18,1,NO,quantile,0.25,9.14417560043005
2025-05-21,ILI incidence,2025-05-25,2,NO,quantile,0.25,6.002457486606888
2025-05-21,ILI incidence,2025-06-01,3,NO,quantile,0.25,3.755792771477896
2025-05-21,ILI incidence,2025-06-08,4,NO,quantile,0.25,2.3009139088210167
2025-05-21,ILI incidence,2025-05-04,-1,NO,quantile,0.3,19.57920352880012
2025-05-21,ILI incidence,2025-05-11,0,NO,quantile,0.3,13.816938250827336
2025-05-21,ILI incidence,2025-05-18,1,NO,quantile,0.3,9.50076947213431
2025-05-21,ILI incidence,2025-05-25,2,NO,quantile,0.3,6.274027083663542
2025-05-21,ILI incidence,2025-06-01,3,NO,quantile,0.3,3.97936101970152
2025-05-21,ILI incidence,2025-06-08,4,NO,quantile,0.3,2.4695642872302264
2025-05-21,ILI incidence,2025-05-04,-1,NO,quantile,0.35,20.17122718705472
2025-05-21,ILI incidence,2025-05-11,0,NO,quantile,0.35,14.365225767498837
2025-05-21,ILI incidence,2025-05-18,1,NO,quantile,0.35,9.89867618505026
2025-05-21,ILI incidence,2025-05-25,2,NO,quantile,0.35,6.594527893705784
2025-05-21,ILI incidence,2025-06-01,3,NO,quantile,0.35,4.185083749406909
2025-05-21,ILI incidence,2025-06-08,4,NO,quantile,0.35,2.610750836895091
2025-05-21,ILI incidence,2025-05-04,-1,NO,quantile,0.4,20.66696299673403
2025-05-21,ILI incidence,2025-05-11,0,NO,quantile,0.4,14.818860815675285
2025-05-21,ILI incidence,2025-05-18,1,NO,quantile,0.4,10.263524705068791
2025-05-21,ILI incidence,2025-05-25,2,NO,quantile,0.4,6.831301841875101
2025-05-21,ILI incidence,2025-06-01,3,NO,quantile,0.4,4.435125256798329
2025-05-21,ILI incidence,2025-06-08,4,NO,quantile,0.4,2.7638399269626897
2025-05-21,ILI incidence,2025-05-04,-1,NO,quantile,0.45,21.210463466515545
2025-05-21,ILI incidence,2025-05-11,0,NO,quantile,0.45,15.339177244898336
2025-05-21,ILI incidence,2025-05-18,1,NO,quantile,0.45,10.686467262269185
2025-05-21,ILI incidence,2025-05-25,2,NO,quantile,0.45,7.1239284499407445
2025-05-21,ILI incidence,2025-06-01,3,NO,quantile,0.45,4.6657907640732965
2025-05-21,ILI incidence,2025-06-08,4,NO,quantile,0.45,2.9529041603513173
2025-05-21,ILI incidence,2025-05-04,-1,NO,quantile,0.5,21.706510316013432
2025-05-21,ILI incidence,2025-05-11,0,NO,quantile,0.5,15.795031664334491
2025-05-21,ILI incidence,2025-05-18,1,NO,quantile,0.5,11.076981408986825
2025-05-21,ILI incidence,2025-05-25,2,NO,quantile,0.5,7.433140418347087
2025-05-21,ILI incidence,2025-06-01,3,NO,quantile,0.5,4.913783574108341
2025-05-21,ILI incidence,2025-06-08,4,NO,quantile,0.5,3.1270190453321667
2025-05-21,ILI incidence,2025-05-04,-1,NO,quantile,0.55,22.21729199262726
2025-05-21,ILI incidence,2025-05-11,0,NO,quantile,0.55,16.229024328116815
2025-05-21,ILI incidence,2025-05-18,1,NO,quantile,0.55,11.459232997308792
2025-05-21,ILI incidence,2025-05-25,2,NO,quantile,0.55,7.729620266438715
2025-05-21,ILI incidence,2025-06-01,3,NO,quantile,0.55,5.1819349498421525
2025-05-21,ILI incidence,2025-06-08,4,NO,quantile,0.55,3.3368825489749034
2025-05-21,ILI incidence,2025-05-04,-1,NO,quantile,0.6,22.93734825037138
2025-05-21,ILI incidence,2025-05-11,0,NO,quantile,0.6,16.723909737200948
2025-05-21,ILI incidence,2025-05-18,1,NO,quantile,0.6,11.847610682939427
2025-05-21,ILI incidence,2025-05-25,2,NO,quantile,0.6,8.067194491483363
2025-05-21,ILI incidence,2025-06-01,3,NO,quantile,0.6,5.430955853778485
2025-05-21,ILI incidence,2025-06-08,4,NO,quantile,0.6,3.555337126700986
2025-05-21,ILI incidence,2025-05-04,-1,NO,quantile,0.65,23.60844095797493
2025-05-21,ILI incidence,2025-05-11,0,NO,quantile,0.65,17.216814289369296
2025-05-21,ILI incidence,2025-05-18,1,NO,quantile,0.65,12.196114947663691
2025-05-21,ILI incidence,2025-05-25,2,NO,quantile,0.65,8.41277022146053
2025-05-21,ILI incidence,2025-06-01,3,NO,quantile,0.65,5.676463667651197
2025-05-21,ILI incidence,2025-06-08,4,NO,quantile,0.65,3.7565562502892527
2025-05-21,ILI incidence,2025-05-04,-1,NO,quantile,0.7,24.24711734800885
2025-05-21,ILI incidence,2025-05-11,0,NO,quantile,0.7,17.809971711553025
2025-05-21,ILI incidence,2025-05-18,1,NO,quantile,0.7,12.629033983217717
2025-05-21,ILI incidence,2025-05-25,2,NO,quantile,0.7,8.816074165539309
2025-05-21,ILI incidence,2025-06-01,3,NO,quantile,0.7,6.037754624875948
2025-05-21,ILI incidence,2025-06-08,4,NO,quantile,0.7,4.04694932819993
2025-05-21,ILI incidence,2025-05-04,-1,NO,quantile,0.75,24.864924928707914
2025-05-21,ILI incidence,2025-05-11,0,NO,quantile,0.75,18.33157323298694
2025-05-21,ILI incidence,2025-05-18,1,NO,quantile,0.75,13.05754816849644
2025-05-21,ILI incidence,2025-05-25,2,NO,quantile,0.75,9.150455600225328
2025-05-21,ILI incidence,2025-06-01,3,NO,quantile,0.75,6.293493993711878
2025-05-21,ILI incidence,2025-06-08,4,NO,quantile,0.75,4.289611046779996
2025-05-21,ILI incidence,2025-05-04,-1,NO,quantile,0.8,25.51797750532084
2025-05-21,ILI incidence,2025-05-11,0,NO,quantile,0.8,18.82532953808317
2025-05-21,ILI incidence,2025-05-18,1,NO,quantile,0.8,13.54491110233743
2025-05-21,ILI incidence,2025-05-25,2,NO,quantile,0.8,9.612964850208844
2025-05-21,ILI incidence,2025-06-01,3,NO,quantile,0.8,6.748286896046861
2025-05-21,ILI incidence,2025-06-08,4,NO,quantile,0.8,4.651026140705718
2025-05-21,ILI incidence,2025-05-04,-1,NO,quantile,0.85,26.17517066996638
2025-05-21,ILI incidence,2025-05-11,0,NO,quantile,0.85,19.360655921903664
2025-05-21,ILI incidence,2025-05-18,1,NO,quantile,0.85,14.030668879607552
2025-05-21,ILI incidence,2025-05-25,2,NO,quantile,0.85,10.108615061494293
2025-05-21,ILI incidence,2025-06-01,3,NO,quantile,0.85,7.238258890231186
2025-05-21,ILI incidence,2025-06-08,4,NO,quantile,0.85,5.083349670565903
2025-05-21,ILI incidence,2025-05-04,-1,NO,quantile,0.9,26.976857855602383
2025-05-21,ILI incidence,2025-05-11,0,NO,quantile,0.9,19.86360097902633
2025-05-21,ILI incidence,2025-05-18,1,NO,quantile,0.9,14.588980794182644
2025-05-21,ILI incidence,2025-05-25,2,NO,quantile,0.9,10.78114797235216
2025-05-21,ILI incidence,2025-06-01,3,NO,quantile,0.9,7.80999510483736
2025-05-21,ILI incidence,2025-06-08,4,NO,quantile,0.9,5.606583553195277
2025-05-21,ILI incidence,2025-05-04,-1,NO,quantile,0.95,27.88787873396963
2025-05-21,ILI incidence,2025-05-11,0,NO,quantile,0.95,20.328141295572355
2025-05-21,ILI incidence,2025-05-18,1,NO,quantile,0.95,15.400259899264926
2025-05-21,ILI incidence,2025-05-25,2,NO,quantile,0.95,11.557559207784044
2025-05-21,ILI incidence,2025-06-01,3,NO,quantile,0.95,8.670843924485146
2025-05-21,ILI incidence,2025-06-08,4,NO,quantile,0.95,6.427755714669948
2025-05-21,ILI incidence,2025-05-04,-1,NO,quantile,0.975,28.851046219535142
2025-05-21,ILI incidence,2025-05-11,0,NO,quantile,0.975,20.53598424888354
2025-05-21,ILI incidence,2025-05-18,1,NO,quantile,0.975,16.124677468300934
2025-05-21,ILI incidence,2025-05-25,2,NO,quantile,0.975,12.492298524077384
2025-05-21,ILI incidence,2025-06-01,3,NO,quantile,0.975,9.570529044005234
2025-05-21,ILI incidence,2025-06-08,4,NO,quantile,0.975,7.118781097061225
2025-05-21,ILI incidence,2025-05-04,-1,NO,quantile,0.99,29.753178183171613
2025-05-21,ILI incidence,2025-05-11,0,NO,quantile,0.99,20.713800858108808
2025-05-21,ILI incidence,2025-05-18,1,NO,quantile,0.99,16.74963794325471
2025-05-21,ILI incidence,2025-05-25,2,NO,quantile,0.99,13.29907288268958
2025-05-21,ILI incidence,2025-06-01,3,NO,quantile,0.99,10.324031487259909
2025-05-21,ILI incidence,2025-06-08,4,NO,quantile,0.99,7.847952746683204
2025-05-21,ILI incidence,2025-05-04,-1,RO,quantile,0.01,4.359337739207594
2025-05-21,ILI incidence,2025-05-11,0,RO,quantile,0.01,2.8020389084668973
2025-05-21,ILI incidence,2025-05-18,1,RO,quantile,0.01,1.651238106196755
2025-05-21,ILI incidence,2025-05-25,2,RO,quantile,0.01,0.9098594831201964
2025-05-21,ILI incidence,2025-06-01,3,RO,quantile,0.01,0.4926836515660091
2025-05-21,ILI incidence,2025-06-08,4,RO,quantile,0.01,0.2517330039242362
2025-05-21,ILI incidence,2025-05-04,-1,RO,quantile,0.025,4.396711389325985
2025-05-21,ILI incidence,2025-05-11,0,RO,quantile,0.025,2.9135784489349805
2025-05-21,ILI incidence,2025-05-18,1,RO,quantile,0.025,1.7719569614599862
2025-05-21,ILI incidence,2025-05-25,2,RO,quantile,0.025,1.0441604916836569
2025-05-21,ILI incidence,2025-06-01,3,RO,quantile,0.025,0.5829761095541095
2025-05-21,ILI incidence,2025-06-08,4,RO,quantile,0.025,0.313608450220054
2025-05-21,ILI incidence,2025-05-04,-1,RO,quantile,0.05,4.456656729348926
2025-05-21,ILI incidence,2025-05-11,0,RO,quantile,0.05,3.094274563499767
2025-05-21,ILI incidence,2025-05-18,1,RO,quantile,0.05,2.0054596474294795
2025-05-21,ILI incidence,2025-05-25,2,RO,quantile,0.05,1.2092004153940965
2025-05-21,ILI incidence,2025-06-01,3,RO,quantile,0.05,0.6950437596736084
2025-05-21,ILI incidence,2025-06-08,4,RO,quantile,0.05,0.3942342827277833
2025-05-21,ILI incidence,2025-05-04,-1,RO,quantile,0.1,4.604726415857495
2025-05-21,ILI incidence,2025-05-11,0,RO,quantile,0.1,3.2981254328997047
2025-05-21,ILI incidence,2025-05-18,1,RO,quantile,0.1,2.1873314143359406
2025-05-21,ILI incidence,2025-05-25,2,RO,quantile,0.1,1.3826217995543948
2025-05-21,ILI incidence,2025-06-01,3,RO,quantile,0.1,0.8275362998901562
2025-05-21,ILI incidence,2025-06-08,4,RO,quantile,0.1,0.4714911573718846
2025-05-21,ILI incidence,2025-05-04,-1,RO,quantile,0.15,4.762139892497299
2025-05-21,ILI incidence,2025-05-11,0,RO,quantile,0.15,3.505873960766537
2025-05-21,ILI incidence,2025-05-18,1,RO,quantile,0.15,2.3421106566425287
2025-05-21,ILI incidence,2025-05-25,2,RO,quantile,0.15,1.4982948472873536
2025-05-21,ILI incidence,2025-06-01,3,RO,quantile,0.15,0.9287987508607128
2025-05-21,ILI incidence,2025-06-08,4,RO,quantile,0.15,0.5554362092995357
2025-05-21,ILI incidence,2025-05-04,-1,RO,quantile,0.2,4.923627320907022
2025-05-21,ILI incidence,2025-05-11,0,RO,quantile,0.2,3.661086148743555
2025-05-21,ILI incidence,2025-05-18,1,RO,quantile,0.2,2.529788193562268
2025-05-21,ILI incidence,2025-05-25,2,RO,quantile,0.2,1.6459869813130743
2025-05-21,ILI incidence,2025-06-01,3,RO,quantile,0.2,1.041757071087592
2025-05-21,ILI incidence,2025-06-08,4,RO,quantile,0.2,0.6206422518621715
2025-05-21,ILI incidence,2025-05-04,-1,RO,quantile,0.25,5.050299729194848
2025-05-21,ILI incidence,2025-05-11,0,RO,quantile,0.25,3.8365558151341848
2025-05-21,ILI incidence,2025-05-18,1,RO,quantile,0.25,2.6958295416756424
2025-05-21,ILI incidence,2025-05-25,2,RO,quantile,0.25,1.808797449817678
2025-05-21,ILI incidence,2025-06-01,3,RO,quantile,0.25,1.141185863057257
2025-05-21,ILI incidence,2025-06-08,4,RO,quantile,0.25,0.7068491237722945
2025-05-21,ILI incidence,2025-05-04,-1,RO,quantile,0.3,5.255339262031595
2025-05-21,ILI incidence,2025-05-11,0,RO,quantile,0.3,3.9764078917470753
2025-05-21,ILI incidence,2025-05-18,1,RO,quantile,0.3,2.85673496770589
2025-05-21,ILI incidence,2025-05-25,2,RO,quantile,0.3,1.931268413764672
2025-05-21,ILI incidence,2025-06-01,3,RO,quantile,0.3,1.2669208787029898
2025-05-21,ILI incidence,2025-06-08,4,RO,quantile,0.3,0.7976157823284573
2025-05-21,ILI incidence,2025-05-04,-1,RO,quantile,0.35,5.422554972027115
2025-05-21,ILI incidence,2025-05-11,0,RO,quantile,0.35,4.107928104276683
2025-05-21,ILI incidence,2025-05-18,1,RO,quantile,0.35,3.022136379604411
2025-05-21,ILI incidence,2025-05-25,2,RO,quantile,0.35,2.076510565371115
2025-05-21,ILI incidence,2025-06-01,3,RO,quantile,0.35,1.3840247911767352
2025-05-21,ILI incidence,2025-06-08,4,RO,quantile,0.35,0.8873619841407846
2025-05-21,ILI incidence,2025-05-04,-1,RO,quantile,0.4,5.584399880419432
2025-05-21,ILI incidence,2025-05-11,0,RO,quantile,0.4,4.260897853815935
2025-05-21,ILI incidence,2025-05-18,1,RO,quantile,0.4,3.14110911922202
2025-05-21,ILI incidence,2025-05-25,2,RO,quantile,0.4,2.2127849065499983
2025-05-21,ILI incidence,2025-06-01,3,RO,quantile,0.4,1.4863904441838165
2025-05-21,ILI incidence,2025-06-08,4,RO,quantile,0.4,0.9696273767373944
2025-05-21,ILI incidence,2025-05-04,-1,RO,quantile,0.45,5.7698021710738745
2025-05-21,ILI incidence,2025-05-11,0,RO,quantile,0.45,4.387339456767344
2025-05-21,ILI incidence,2025-05-18,1,RO,quantile,0.45,3.2590708574688594
2025-05-21,ILI incidence,2025-05-25,2,RO,quantile,0.45,2.3305842680423265
2025-05-21,ILI incidence,2025-06-01,3,RO,quantile,0.45,1.5994512846946811
2025-05-21,ILI incidence,2025-06-08,4,RO,quantile,0.45,1.055228826547558
2025-05-21,ILI incidence,2025-05-04,-1,RO,quantile,0.5,5.941825677741797
2025-05-21,ILI incidence,2025-05-11,0,RO,quantile,0.5,4.547009778515978
2025-05-21,ILI incidence,2025-05-18,1,RO,quantile,0.5,3.4035417826723133
2025-05-21,ILI incidence,2025-05-25,2,RO,quantile,0.5,2.445346477460091
2025-05-21,ILI incidence,2025-06-01,3,RO,quantile,0.5,1.6898682895618573
2025-05-21,ILI incidence,2025-06-08,4,RO,quantile,0.5,1.1535888891783632
2025-05-21,ILI incidence,2025-05-04,-1,RO,quantile,0.55,6.119212233125332
2025-05-21,ILI incidence,2025-05-11,0,RO,quantile,0.55,4.683312266902438
2025-05-21,ILI incidence,2025-05-18,1,RO,quantile,0.55,3.5306116299980417
2025-05-21,ILI incidence,2025-05-25,2,RO,quantile,0.55,2.5753555795638383
2025-05-21,ILI incidence,2025-06-01,3,RO,quantile,0.55,1.8656833262001733
2025-05-21,ILI incidence,2025-06-08,4,RO,quantile,0.55,1.264977075529692
2025-05-21,ILI incidence,2025-05-04,-1,RO,quantile,0.6,6.301365598944027
2025-05-21,ILI incidence,2025-05-11,0,RO,quantile,0.6,4.833176979627899
2025-05-21,ILI incidence,2025-05-18,1,RO,quantile,0.6,3.65667770572844
2025-05-21,ILI incidence,2025-05-25,2,RO,quantile,0.6,2.7201973661438004
2025-05-21,ILI incidence,2025-06-01,3,RO,quantile,0.6,1.9671906572259128
2025-05-21,ILI incidence,2025-06-08,4,RO,quantile,0.6,1.398162120680423
2025-05-21,ILI incidence,2025-05-04,-1,RO,quantile,0.65,6.485314794807901
2025-05-21,ILI incidence,2025-05-11,0,RO,quantile,0.65,4.992593288232284
2025-05-21,ILI incidence,2025-05-18,1,RO,quantile,0.65,3.79267026939225
2025-05-21,ILI incidence,2025-05-25,2,RO,quantile,0.65,2.889878443954696
2025-05-21,ILI incidence,2025-06-01,3,RO,quantile,0.65,2.1376972309708084
2025-05-21,ILI incidence,2025-06-08,4,RO,quantile,0.65,1.5545260537128582
2025-05-21,ILI incidence,2025-05-04,-1,RO,quantile,0.7,6.679800870359974
2025-05-21,ILI incidence,2025-05-11,0,RO,quantile,0.7,5.15042728353169
2025-05-21,ILI incidence,2025-05-18,1,RO,quantile,0.7,3.956110668065081
2025-05-21,ILI incidence,2025-05-25,2,RO,quantile,0.7,3.0456535935381983
2025-05-21,ILI incidence,2025-06-01,3,RO,quantile,0.7,2.284118150729092
2025-05-21,ILI incidence,2025-06-08,4,RO,quantile,0.7,1.6821329930094957
2025-05-21,ILI incidence,2025-05-04,-1,RO,quantile,0.75,6.893402919669101
2025-05-21,ILI incidence,2025-05-11,0,RO,quantile,0.75,5.359379960927622
2025-05-21,ILI incidence,2025-05-18,1,RO,quantile,0.75,4.137416228836828
2025-05-21,ILI incidence,2025-05-25,2,RO,quantile,0.75,3.256066546472142
2025-05-21,ILI incidence,2025-06-01,3,RO,quantile,0.75,2.501069784490126
2025-05-21,ILI incidence,2025-06-08,4,RO,quantile,0.75,1.8782570927877944
2025-05-21,ILI incidence,2025-05-04,-1,RO,quantile,0.8,7.084608047429335
2025-05-21,ILI incidence,2025-05-11,0,RO,quantile,0.8,5.561477403129521
2025-05-21,ILI incidence,2025-05-18,1,RO,quantile,0.8,4.393714013604747
2025-05-21,ILI incidence,2025-05-25,2,RO,quantile,0.8,3.4760512690969083
2025-05-21,ILI incidence,2025-06-01,3,RO,quantile,0.8,2.741673199391759
2025-05-21,ILI incidence,2025-06-08,4,RO,quantile,0.8,2.109865718746908
2025-05-21,ILI incidence,2025-05-04,-1,RO,quantile,0.85,7.316636684166138
2025-05-21,ILI incidence,2025-05-11,0,RO,quantile,0.85,5.754016041768523
2025-05-21,ILI incidence,2025-05-18,1,RO,quantile,0.85,4.630686112966074
2025-05-21,ILI incidence,2025-05-25,2,RO,quantile,0.85,3.724925270998409
2025-05-21,ILI incidence,2025-06-01,3,RO,quantile,0.85,2.991225899456486
2025-05-21,ILI incidence,2025-06-08,4,RO,quantile,0.85,2.363437804107309
2025-05-21,ILI incidence,2025-05-04,-1,RO,quantile,0.9,7.537484062548662
2025-05-21,ILI incidence,2025-05-11,0,RO,quantile,0.9,6.058365775949949
2025-05-21,ILI incidence,2025-05-18,1,RO,quantile,0.9,4.904686853448043
2025-05-21,ILI incidence,2025-05-25,2,RO,quantile,0.9,4.042681722595384
2025-05-21,ILI incidence,2025-06-01,3,RO,quantile,0.9,3.282561610747285
2025-05-21,ILI incidence,2025-06-08,4,RO,quantile,0.9,2.678549739556987
2025-05-21,ILI incidence,2025-05-04,-1,RO,quantile,0.95,7.796365625620269
2025-05-21,ILI incidence,2025-05-11,0,RO,quantile,0.95,6.384127042279559
2025-05-21,ILI incidence,2025-05-18,1,RO,quantile,0.95,5.420334147463645
2025-05-21,ILI incidence,2025-05-25,2,RO,quantile,0.95,4.486039266279072
2025-05-21,ILI incidence,2025-06-01,3,RO,quantile,0.95,3.746390829475122
2025-05-21,ILI incidence,2025-06-08,4,RO,quantile,0.95,3.060342947702228
2025-05-21,ILI incidence,2025-05-04,-1,RO,quantile,0.975,7.916039967573451
2025-05-21,ILI incidence,2025-05-11,0,RO,quantile,0.975,6.627315332309904
2025-05-21,ILI incidence,2025-05-18,1,RO,quantile,0.975,5.7039257930062055
2025-05-21,ILI incidence,2025-05-25,2,RO,quantile,0.975,4.830924018009887
2025-05-21,ILI incidence,2025-06-01,3,RO,quantile,0.975,4.0383298566815045
2025-05-21,ILI incidence,2025-06-08,4,RO,quantile,0.975,3.346882626288913
2025-05-21,ILI incidence,2025-05-04,-1,RO,quantile,0.99,7.978465070052694
2025-05-21,ILI incidence,2025-05-11,0,RO,quantile,0.99,6.997951415617078
2025-05-21,ILI incidence,2025-05-18,1,RO,quantile,0.99,5.959490749245614
2025-05-21,ILI incidence,2025-05-25,2,RO,quantile,0.99,5.2658083844597305
2025-05-21,ILI incidence,2025-06-01,3,RO,quantile,0.99,4.5388068741329
2025-05-21,ILI incidence,2025-06-08,4,RO,quantile,0.99,3.883027972792055
2025-05-21,ARI incidence,2025-05-04,-1,BG,quantile,0.01,434.8510929942039
2025-05-21,ARI incidence,2025-05-11,0,BG,quantile,0.01,408.5598355628695
2025-05-21,ARI incidence,2025-05-18,1,BG,quantile,0.01,382.608621145294
2025-05-21,ARI incidence,2025-05-25,2,BG,quantile,0.01,359.8976292142825
2025-05-21,ARI incidence,2025-06-01,3,BG,quantile,0.01,339.98422684077605
2025-05-21,ARI incidence,2025-06-08,4,BG,quantile,0.01,324.6091121135641
2025-05-21,ARI incidence,2025-05-04,-1,BG,quantile,0.025,437.5491844380862
2025-05-21,ARI incidence,2025-05-11,0,BG,quantile,0.025,409.3141043738903
2025-05-21,ARI incidence,2025-05-18,1,BG,quantile,0.025,383.0380204836502
2025-05-21,ARI incidence,2025-05-25,2,BG,quantile,0.025,360.5089419527838
2025-05-21,ARI incidence,2025-06-01,3,BG,quantile,0.025,343.0792412553236
2025-05-21,ARI incidence,2025-06-08,4,BG,quantile,0.025,329.4162382221807
2025-05-21,ARI incidence,2025-05-04,-1,BG,quantile,0.05,439.0477056554353
2025-05-21,ARI incidence,2025-05-11,0,BG,quantile,0.05,409.84029861240487
2025-05-21,ARI incidence,2025-05-18,1,BG,quantile,0.05,383.5518933239112
2025-05-21,ARI incidence,2025-05-25,2,BG,quantile,0.05,363.5285506436827
2025-05-21,ARI incidence,2025-06-01,3,BG,quantile,0.05,346.5254292999093
2025-05-21,ARI incidence,2025-06-08,4,BG,quantile,0.05,331.379935672352
2025-05-21,ARI incidence,2025-05-04,-1,BG,quantile,0.1,440.9080797205754
2025-05-21,ARI incidence,2025-05-11,0,BG,quantile,0.1,411.3491331153307
2025-05-21,ARI incidence,2025-05-18,1,BG,quantile,0.1,386.2470259733176
2025-05-21,ARI incidence,2025-05-25,2,BG,quantile,0.1,365.11193416955695
2025-05-21,ARI incidence,2025-06-01,3,BG,quantile,0.1,350.1440667944426
2025-05-21,ARI incidence,2025-06-08,4,BG,quantile,0.1,340.00650208712244
2025-05-21,ARI incidence,2025-05-04,-1,BG,quantile,0.15,442.0426599429522
2025-05-21,ARI incidence,2025-05-11,0,BG,quantile,0.15,412.5875232876895
2025-05-21,ARI incidence,2025-05-18,1,BG,quantile,0.15,386.92876156909074
2025-05-21,ARI incidence,2025-05-25,2,BG,quantile,0.15,366.5582556298356
2025-05-21,ARI incidence,2025-06-01,3,BG,quantile,0.15,352.7317681929747
2025-05-21,ARI incidence,2025-06-08,4,BG,quantile,0.15,342.44345004617094
2025-05-21,ARI incidence,2025-05-04,-1,BG,quantile,0.2,443.4307058211231
2025-05-21,ARI incidence,2025-05-11,0,BG,quantile,0.2,413.8143207109218
2025-05-21,ARI incidence,2025-05-18,1,BG,quantile,0.2,387.5346136955811
2025-05-21,ARI incidence,2025-05-25,2,BG,quantile,0.2,369.2430456455791
2025-05-21,ARI incidence,2025-06-01,3,BG,quantile,0.2,355.1343145574808
2025-05-21,ARI incidence,2025-06-08,4,BG,quantile,0.2,345.1226725546981
2025-05-21,ARI incidence,2025-05-04,-1,BG,quantile,0.25,444.32893213045065
2025-05-21,ARI incidence,2025-05-11,0,BG,quantile,0.25,414.4654358320459
2025-05-21,ARI incidence,2025-05-18,1,BG,quantile,0.25,388.6714991671672
2025-05-21,ARI incidence,2025-05-25,2,BG,quantile,0.25,370.9662921475253
2025-05-21,ARI incidence,2025-06-01,3,BG,quantile,0.25,356.53611990434456
2025-05-21,ARI incidence,2025-06-08,4,BG,quantile,0.25,346.0906806681945
2025-05-21,ARI incidence,2025-05-04,-1,BG,quantile,0.3,446.52466205294905
2025-05-21,ARI incidence,2025-05-11,0,BG,quantile,0.3,415.0986835931578
2025-05-21,ARI incidence,2025-05-18,1,BG,quantile,0.3,389.7354413032982
2025-05-21,ARI incidence,2025-05-25,2,BG,quantile,0.3,371.842667080794
2025-05-21,ARI incidence,2025-06-01,3,BG,quantile,0.3,358.7241950847943
2025-05-21,ARI incidence,2025-06-08,4,BG,quantile,0.3,348.3385813132675
2025-05-21,ARI incidence,2025-05-04,-1,BG,quantile,0.35,447.1801117849895
2025-05-21,ARI incidence,2025-05-11,0,BG,quantile,0.35,415.7611785769728
2025-05-21,ARI incidence,2025-05-18,1,BG,quantile,0.35,390.4912238734343
2025-05-21,ARI incidence,2025-05-25,2,BG,quantile,0.35,372.7828795272545
2025-05-21,ARI incidence,2025-06-01,3,BG,quantile,0.35,359.68759710790573
2025-05-21,ARI incidence,2025-06-08,4,BG,quantile,0.35,350.7045852296533
2025-05-21,ARI incidence,2025-05-04,-1,BG,quantile,0.4,448.3283164942992
2025-05-21,ARI incidence,2025-05-11,0,BG,quantile,0.4,416.185673706993
2025-05-21,ARI incidence,2025-05-18,1,BG,quantile,0.4,391.0945632316221
2025-05-21,ARI incidence,2025-05-25,2,BG,quantile,0.4,373.88432564328207
2025-05-21,ARI incidence,2025-06-01,3,BG,quantile,0.4,360.7712955347196
2025-05-21,ARI incidence,2025-06-08,4,BG,quantile,0.4,351.66983791333536
2025-05-21,ARI incidence,2025-05-04,-1,BG,quantile,0.45,449.11612903377767
2025-05-21,ARI incidence,2025-05-11,0,BG,quantile,0.45,416.7160720178176
2025-05-21,ARI incidence,2025-05-18,1,BG,quantile,0.45,392.1146179036142
2025-05-21,ARI incidence,2025-05-25,2,BG,quantile,0.45,374.7694161043863
2025-05-21,ARI incidence,2025-06-01,3,BG,quantile,0.45,362.1406579820776
2025-05-21,ARI incidence,2025-06-08,4,BG,quantile,0.45,353.00305481900784
2025-05-21,ARI incidence,2025-05-04,-1,BG,quantile,0.5,449.8116712609728
2025-05-21,ARI incidence,2025-05-11,0,BG,quantile,0.5,417.3122125233064
2025-05-21,ARI incidence,2025-05-18,1,BG,quantile,0.5,393.1390940925573
2025-05-21,ARI incidence,2025-05-25,2,BG,quantile,0.5,375.38360083083785
2025-05-21,ARI incidence,2025-06-01,3,BG,quantile,0.5,363.0025724196952
2025-05-21,ARI incidence,2025-06-08,4,BG,quantile,0.5,353.80506610908225
2025-05-21,ARI incidence,2025-05-04,-1,BG,quantile,0.55,450.7964157773168
2025-05-21,ARI incidence,2025-05-11,0,BG,quantile,0.55,417.6455001281183
2025-05-21,ARI incidence,2025-05-18,1,BG,quantile,0.55,393.4657001512434
2025-05-21,ARI incidence,2025-05-25,2,BG,quantile,0.55,375.9064896561375
2025-05-21,ARI incidence,2025-06-01,3,BG,quantile,0.55,363.541332575136
2025-05-21,ARI incidence,2025-06-08,4,BG,quantile,0.55,354.8117510355529
2025-05-21,ARI incidence,2025-05-04,-1,BG,quantile,0.6,451.5248293722946
2025-05-21,ARI incidence,2025-05-11,0,BG,quantile,0.6,418.75727799705794
2025-05-21,ARI incidence,2025-05-18,1,BG,quantile,0.6,394.7670197406492
2025-05-21,ARI incidence,2025-05-25,2,BG,quantile,0.6,376.6292892584546
2025-05-21,ARI incidence,2025-06-01,3,BG,quantile,0.6,364.0577207006301
2025-05-21,ARI incidence,2025-06-08,4,BG,quantile,0.6,356.0484659137331
2025-05-21,ARI incidence,2025-05-04,-1,BG,quantile,0.65,452.5734347273652
2025-05-21,ARI incidence,2025-05-11,0,BG,quantile,0.65,419.31073705939366
2025-05-21,ARI incidence,2025-05-18,1,BG,quantile,0.65,395.4216546921329
2025-05-21,ARI incidence,2025-05-25,2,BG,quantile,0.65,377.131116826524
2025-05-21,ARI incidence,2025-06-01,3,BG,quantile,0.65,364.49611703768
2025-05-21,ARI incidence,2025-06-08,4,BG,quantile,0.65,356.5070787953929
2025-05-21,ARI incidence,2025-05-04,-1,BG,quantile,0.7,452.9023056565629
2025-05-21,ARI incidence,2025-05-11,0,BG,quantile,0.7,420.5152212838788
2025-05-21,ARI incidence,2025-05-18,1,BG,quantile,0.7,395.854216483141
2025-05-21,ARI incidence,2025-05-25,2,BG,quantile,0.7,378.0797828224301
2025-05-21,ARI incidence,2025-06-01,3,BG,quantile,0.7,365.3892575163059
2025-05-21,ARI incidence,2025-06-08,4,BG,quantile,0.7,357.13064857930976
2025-05-21,ARI incidence,2025-05-04,-1,BG,quantile,0.75,453.3628978729839
2025-05-21,ARI incidence,2025-05-11,0,BG,quantile,0.75,420.9714526812552
2025-05-21,ARI incidence,2025-05-18,1,BG,quantile,0.75,396.7088582383881
2025-05-21,ARI incidence,2025-05-25,2,BG,quantile,0.75,378.5832949118727
2025-05-21,ARI incidence,2025-06-01,3,BG,quantile,0.75,366.4109210342651
2025-05-21,ARI incidence,2025-06-08,4,BG,quantile,0.75,358.1395656030736
2025-05-21,ARI incidence,2025-05-04,-1,BG,quantile,0.8,454.6457676432715
2025-05-21,ARI incidence,2025-05-11,0,BG,quantile,0.8,421.9314375071663
2025-05-21,ARI incidence,2025-05-18,1,BG,quantile,0.8,397.5796334594689
2025-05-21,ARI incidence,2025-05-25,2,BG,quantile,0.8,379.1161788661033
2025-05-21,ARI incidence,2025-06-01,3,BG,quantile,0.8,367.0672403788603
2025-05-21,ARI incidence,2025-06-08,4,BG,quantile,0.8,359.2607566341087
2025-05-21,ARI incidence,2025-05-04,-1,BG,quantile,0.85,455.0546983226008
2025-05-21,ARI incidence,2025-05-11,0,BG,quantile,0.85,422.9965474650248
2025-05-21,ARI incidence,2025-05-18,1,BG,quantile,0.85,398.1730773461043
2025-05-21,ARI incidence,2025-05-25,2,BG,quantile,0.85,380.9193961303272
2025-05-21,ARI incidence,2025-06-01,3,BG,quantile,0.85,368.10757479473176
2025-05-21,ARI incidence,2025-06-08,4,BG,quantile,0.85,360.1241299472599
2025-05-21,ARI incidence,2025-05-04,-1,BG,quantile,0.9,457.05049979433073
2025-05-21,ARI incidence,2025-05-11,0,BG,quantile,0.9,423.8055758211196
2025-05-21,ARI incidence,2025-05-18,1,BG,quantile,0.9,399.7818527232406
2025-05-21,ARI incidence,2025-05-25,2,BG,quantile,0.9,382.2853975575546
2025-05-21,ARI incidence,2025-06-01,3,BG,quantile,0.9,370.2495174874732
2025-05-21,ARI incidence,2025-06-08,4,BG,quantile,0.9,362.581285089239
2025-05-21,ARI incidence,2025-05-04,-1,BG,quantile,0.95,459.28862055111193
2025-05-21,ARI incidence,2025-05-11,0,BG,quantile,0.95,425.5397975434088
2025-05-21,ARI incidence,2025-05-18,1,BG,quantile,0.95,401.4148628269885
2025-05-21,ARI incidence,2025-05-25,2,BG,quantile,0.95,383.80366670717336
2025-05-21,ARI incidence,2025-06-01,3,BG,quantile,0.95,372.3264696199184
2025-05-21,ARI incidence,2025-06-08,4,BG,quantile,0.95,363.69453906436814
2025-05-21,ARI incidence,2025-05-04,-1,BG,quantile,0.975,459.8790916719306
2025-05-21,ARI incidence,2025-05-11,0,BG,quantile,0.975,426.1249479533615
2025-05-21,ARI incidence,2025-05-18,1,BG,quantile,0.975,402.4213132015412
2025-05-21,ARI incidence,2025-05-25,2,BG,quantile,0.975,386.6530686518454
2025-05-21,ARI incidence,2025-06-01,3,BG,quantile,0.975,373.3379002767292
2025-05-21,ARI incidence,2025-06-08,4,BG,quantile,0.975,365.4902330685431
2025-05-21,ARI incidence,2025-05-04,-1,BG,quantile,0.99,461.543024936574
2025-05-21,ARI incidence,2025-05-11,0,BG,quantile,0.99,430.5088550369137
2025-05-21,ARI incidence,2025-05-18,1,BG,quantile,0.99,405.9235924511879
2025-05-21,ARI incidence,2025-05-25,2,BG,quantile,0.99,387.1891596860026
2025-05-21,ARI incidence,2025-06-01,3,BG,quantile,0.99,374.39551374906006
2025-05-21,ARI incidence,2025-06-08,4,BG,quantile,0.99,365.6363657520127
2025-05-21,ARI incidence,2025-05-04,-1,CZ,quantile,0.01,613.7827090011136
2025-05-21,ARI incidence,2025-05-11,0,CZ,quantile,0.01,543.2783231042899
2025-05-21,ARI incidence,2025-05-18,1,CZ,quantile,0.01,485.584103788618
2025-05-21,ARI incidence,2025-05-25,2,CZ,quantile,0.01,442.4936133485656
2025-05-21,ARI incidence,2025-06-01,3,CZ,quantile,0.01,406.318166197372
2025-05-21,ARI incidence,2025-06-08,4,CZ,quantile,0.01,384.5501985948159
2025-05-21,ARI incidence,2025-05-04,-1,CZ,quantile,0.025,619.0100124839042
2025-05-21,ARI incidence,2025-05-11,0,CZ,quantile,0.025,546.212492837506
2025-05-21,ARI incidence,2025-05-18,1,CZ,quantile,0.025,487.62361852276
2025-05-21,ARI incidence,2025-05-25,2,CZ,quantile,0.025,443.15343979174895
2025-05-21,ARI incidence,2025-06-01,3,CZ,quantile,0.025,411.61180246844265
2025-05-21,ARI incidence,2025-06-08,4,CZ,quantile,0.025,386.46482842397256
2025-05-21,ARI incidence,2025-05-04,-1,CZ,quantile,0.05,621.9090929596322
2025-05-21,ARI incidence,2025-05-11,0,CZ,quantile,0.05,556.0716520382724
2025-05-21,ARI incidence,2025-05-18,1,CZ,quantile,0.05,500.0690381983457
2025-05-21,ARI incidence,2025-05-25,2,CZ,quantile,0.05,451.3083578714404
2025-05-21,ARI incidence,2025-06-01,3,CZ,quantile,0.05,414.6657733024605
2025-05-21,ARI incidence,2025-06-08,4,CZ,quantile,0.05,391.4490504077765
2025-05-21,ARI incidence,2025-05-04,-1,CZ,quantile,0.1,622.873641019545
2025-05-21,ARI incidence,2025-05-11,0,CZ,quantile,0.1,571.1103812482481
2025-05-21,ARI incidence,2025-05-18,1,CZ,quantile,0.1,506.4353606871976
2025-05-21,ARI incidence,2025-05-25,2,CZ,quantile,0.1,459.4835998721724
2025-05-21,ARI incidence,2025-06-01,3,CZ,quantile,0.1,423.088181502793
2025-05-21,ARI incidence,2025-06-08,4,CZ,quantile,0.1,396.5456761220278
2025-05-21,ARI incidence,2025-05-04,-1,CZ,quantile,0.15,626.5330172030043
2025-05-21,ARI incidence,2025-05-11,0,CZ,quantile,0.15,574.2058225253326
2025-05-21,ARI incidence,2025-05-18,1,CZ,quantile,0.15,523.5596668191921
2025-05-21,ARI incidence,2025-05-25,2,CZ,quantile,0.15,471.5591890694338
2025-05-21,ARI incidence,2025-06-01,3,CZ,quantile,0.15,431.1359202245234
2025-05-21,ARI incidence,2025-06-08,4,CZ,quantile,0.15,402.8179015288351
2025-05-21,ARI incidence,2025-05-04,-1,CZ,quantile,0.2,627.9592403706341
2025-05-21,ARI incidence,2025-05-11,0,CZ,quantile,0.2,580.5231396647293
2025-05-21,ARI incidence,2025-05-18,1,CZ,quantile,0.2,530.4264436980465
2025-05-21,ARI incidence,2025-05-25,2,CZ,quantile,0.2,484.7672617721301
2025-05-21,ARI incidence,2025-06-01,3,CZ,quantile,0.2,447.9879680884876
2025-05-21,ARI incidence,2025-06-08,4,CZ,quantile,0.2,414.4187907741494
2025-05-21,ARI incidence,2025-05-04,-1,CZ,quantile,0.25,632.9324214221757
2025-05-21,ARI incidence,2025-05-11,0,CZ,quantile,0.25,582.5217020245401
2025-05-21,ARI incidence,2025-05-18,1,CZ,quantile,0.25,534.5041014360814
2025-05-21,ARI incidence,2025-05-25,2,CZ,quantile,0.25,492.110581604356
2025-05-21,ARI incidence,2025-06-01,3,CZ,quantile,0.25,452.8759324661308
2025-05-21,ARI incidence,2025-06-08,4,CZ,quantile,0.25,421.9685934854371
2025-05-21,ARI incidence,2025-05-04,-1,CZ,quantile,0.3,634.7880500805234
2025-05-21,ARI incidence,2025-05-11,0,CZ,quantile,0.3,583.2967437801898
2025-05-21,ARI incidence,2025-05-18,1,CZ,quantile,0.3,538.2925505536521
2025-05-21,ARI incidence,2025-05-25,2,CZ,quantile,0.3,494.12729522672174
2025-05-21,ARI incidence,2025-06-01,3,CZ,quantile,0.3,457.93101266576775
2025-05-21,ARI incidence,2025-06-08,4,CZ,quantile,0.3,424.97125790875225
2025-05-21,ARI incidence,2025-05-04,-1,CZ,quantile,0.35,636.6719506605608
2025-05-21,ARI incidence,2025-05-11,0,CZ,quantile,0.35,585.622475584894
2025-05-21,ARI incidence,2025-05-18,1,CZ,quantile,0.35,540.6254061169286
2025-05-21,ARI incidence,2025-05-25,2,CZ,quantile,0.35,499.84617745547257
2025-05-21,ARI incidence,2025-06-01,3,CZ,quantile,0.35,461.3570453276028
2025-05-21,ARI incidence,2025-06-08,4,CZ,quantile,0.35,429.2853219084879
2025-05-21,ARI incidence,2025-05-04,-1,CZ,quantile,0.4,638.6220682090105
2025-05-21,ARI incidence,2025-05-11,0,CZ,quantile,0.4,590.1755690360956
2025-05-21,ARI incidence,2025-05-18,1,CZ,quantile,0.4,544.3809890876632
2025-05-21,ARI incidence,2025-05-25,2,CZ,quantile,0.4,503.80341769485983
2025-05-21,ARI incidence,2025-06-01,3,CZ,quantile,0.4,463.8580178675867
2025-05-21,ARI incidence,2025-06-08,4,CZ,quantile,0.4,432.29868148185136
2025-05-21,ARI incidence,2025-05-04,-1,CZ,quantile,0.45,641.9354582182307
2025-05-21,ARI incidence,2025-05-11,0,CZ,quantile,0.45,593.5742633308854
2025-05-21,ARI incidence,2025-05-18,1,CZ,quantile,0.45,545.8159125403537
2025-05-21,ARI incidence,2025-05-25,2,CZ,quantile,0.45,506.7948105865791
2025-05-21,ARI incidence,2025-06-01,3,CZ,quantile,0.45,470.1585115154763
2025-05-21,ARI incidence,2025-06-08,4,CZ,quantile,0.45,436.9939655486992
2025-05-21,ARI incidence,2025-05-04,-1,CZ,quantile,0.5,644.7297611992794
2025-05-21,ARI incidence,2025-05-11,0,CZ,quantile,0.5,595.572608855995
2025-05-21,ARI incidence,2025-05-18,1,CZ,quantile,0.5,550.3763455785677
2025-05-21,ARI incidence,2025-05-25,2,CZ,quantile,0.5,509.97485135677175
2025-05-21,ARI incidence,2025-06-01,3,CZ,quantile,0.5,472.8009148351019
2025-05-21,ARI incidence,2025-06-08,4,CZ,quantile,0.5,440.41389097948456
2025-05-21,ARI incidence,2025-05-04,-1,CZ,quantile,0.55,648.4593135775569
2025-05-21,ARI incidence,2025-05-11,0,CZ,quantile,0.55,598.566613668845
2025-05-21,ARI incidence,2025-05-18,1,CZ,quantile,0.55,555.6640862474452
2025-05-21,ARI incidence,2025-05-25,2,CZ,quantile,0.55,513.3913726155469
2025-05-21,ARI incidence,2025-06-01,3,CZ,quantile,0.55,476.25744658220594
2025-05-21,ARI incidence,2025-06-08,4,CZ,quantile,0.55,444.80884361915554
2025-05-21,ARI incidence,2025-05-04,-1,CZ,quantile,0.6,650.6092765767086
2025-05-21,ARI incidence,2025-05-11,0,CZ,quantile,0.6,600.9289275656413
2025-05-21,ARI incidence,2025-05-18,1,CZ,quantile,0.6,558.5671036483723
2025-05-21,ARI incidence,2025-05-25,2,CZ,quantile,0.6,519.2011552777939
2025-05-21,ARI incidence,2025-06-01,3,CZ,quantile,0.6,481.4600836576964
2025-05-21,ARI incidence,2025-06-08,4,CZ,quantile,0.6,448.248854818993
2025-05-21,ARI incidence,2025-05-04,-1,CZ,quantile,0.65,654.2770283382475
2025-05-21,ARI incidence,2025-05-11,0,CZ,quantile,0.65,604.1701993853118
2025-05-21,ARI incidence,2025-05-18,1,CZ,quantile,0.65,561.3289787879746
2025-05-21,ARI incidence,2025-05-25,2,CZ,quantile,0.65,523.9870103033167
2025-05-21,ARI incidence,2025-06-01,3,CZ,quantile,0.65,486.60984708464485
2025-05-21,ARI incidence,2025-06-08,4,CZ,quantile,0.65,452.398586605974
2025-05-21,ARI incidence,2025-05-04,-1,CZ,quantile,0.7,659.0756820102652
2025-05-21,ARI incidence,2025-05-11,0,CZ,quantile,0.7,610.6821885679402
2025-05-21,ARI incidence,2025-05-18,1,CZ,quantile,0.7,566.6378028754013
2025-05-21,ARI incidence,2025-05-25,2,CZ,quantile,0.7,527.7165270283704
2025-05-21,ARI incidence,2025-06-01,3,CZ,quantile,0.7,490.953854836189
2025-05-21,ARI incidence,2025-06-08,4,CZ,quantile,0.7,457.5771040901722
2025-05-21,ARI incidence,2025-05-04,-1,CZ,quantile,0.75,662.166167761155
2025-05-21,ARI incidence,2025-05-11,0,CZ,quantile,0.75,615.4185744925321
2025-05-21,ARI incidence,2025-05-18,1,CZ,quantile,0.75,571.0142095799291
2025-05-21,ARI incidence,2025-05-25,2,CZ,quantile,0.75,531.4209481635388
2025-05-21,ARI incidence,2025-06-01,3,CZ,quantile,0.75,493.15179007128
2025-05-21,ARI incidence,2025-06-08,4,CZ,quantile,0.75,461.53414270873446
2025-05-21,ARI incidence,2025-05-04,-1,CZ,quantile,0.8,667.4304520827059
2025-05-21,ARI incidence,2025-05-11,0,CZ,quantile,0.8,617.688062432915
2025-05-21,ARI incidence,2025-05-18,1,CZ,quantile,0.8,574.2047388949798
2025-05-21,ARI incidence,2025-05-25,2,CZ,quantile,0.8,533.4456398255036
2025-05-21,ARI incidence,2025-06-01,3,CZ,quantile,0.8,496.5556430701813
2025-05-21,ARI incidence,2025-06-08,4,CZ,quantile,0.8,464.2915030272299
2025-05-21,ARI incidence,2025-05-04,-1,CZ,quantile,0.85,670.6963097743063
2025-05-21,ARI incidence,2025-05-11,0,CZ,quantile,0.85,620.4477090101204
2025-05-21,ARI incidence,2025-05-18,1,CZ,quantile,0.85,577.2041271634326
2025-05-21,ARI incidence,2025-05-25,2,CZ,quantile,0.85,538.4565047581516
2025-05-21,ARI incidence,2025-06-01,3,CZ,quantile,0.85,503.7349499756095
2025-05-21,ARI incidence,2025-06-08,4,CZ,quantile,0.85,471.6691628848844
2025-05-21,ARI incidence,2025-05-04,-1,CZ,quantile,0.9,676.7060040330294
2025-05-21,ARI incidence,2025-05-11,0,CZ,quantile,0.9,625.9410043252852
2025-05-21,ARI incidence,2025-05-18,1,CZ,quantile,0.9,579.4890625595577
2025-05-21,ARI incidence,2025-05-25,2,CZ,quantile,0.9,542.0876321138672
2025-05-21,ARI incidence,2025-06-01,3,CZ,quantile,0.9,509.49206209671945
2025-05-21,ARI incidence,2025-06-08,4,CZ,quantile,0.9,479.8133018640695
2025-05-21,ARI incidence,2025-05-04,-1,CZ,quantile,0.95,684.01024248253
2025-05-21,ARI incidence,2025-05-11,0,CZ,quantile,0.95,631.8698192572618
2025-05-21,ARI incidence,2025-05-18,1,CZ,quantile,0.95,587.8322937056307
2025-05-21,ARI incidence,2025-05-25,2,CZ,quantile,0.95,545.4142125916635
2025-05-21,ARI incidence,2025-06-01,3,CZ,quantile,0.95,514.0970598847135
2025-05-21,ARI incidence,2025-06-08,4,CZ,quantile,0.95,484.4604192085854
2025-05-21,ARI incidence,2025-05-04,-1,CZ,quantile,0.975,685.8432152485675
2025-05-21,ARI incidence,2025-05-11,0,CZ,quantile,0.975,636.2319912729588
2025-05-21,ARI incidence,2025-05-18,1,CZ,quantile,0.975,593.2950960498454
2025-05-21,ARI incidence,2025-05-25,2,CZ,quantile,0.975,552.9531149267823
2025-05-21,ARI incidence,2025-06-01,3,CZ,quantile,0.975,518.0055888766258
2025-05-21,ARI incidence,2025-06-08,4,CZ,quantile,0.975,494.2204539845633
2025-05-21,ARI incidence,2025-05-04,-1,CZ,quantile,0.99,692.9664520963111
2025-05-21,ARI incidence,2025-05-11,0,CZ,quantile,0.99,642.4772271583183
2025-05-21,ARI incidence,2025-05-18,1,CZ,quantile,0.99,595.8007889017434
2025-05-21,ARI incidence,2025-05-25,2,CZ,quantile,0.99,557.8425561001077
2025-05-21,ARI incidence,2025-06-01,3,CZ,quantile,0.99,522.1398165950601
2025-05-21,ARI incidence,2025-06-08,4,CZ,quantile,0.99,495.44245703914527
2025-05-21,ARI incidence,2025-05-04,-1,EE,quantile,0.01,155.0622524640645
2025-05-21,ARI incidence,2025-05-11,0,EE,quantile,0.01,148.53209850898355
2025-05-21,ARI incidence,2025-05-18,1,EE,quantile,0.01,139.6129637729412
2025-05-21,ARI incidence,2025-05-25,2,EE,quantile,0.01,130.6941064361783
2025-05-21,ARI incidence,2025-06-01,3,EE,quantile,0.01,124.84361799416088
2025-05-21,ARI incidence,2025-06-08,4,EE,quantile,0.01,119.29636856110054
2025-05-21,ARI incidence,2025-05-04,-1,EE,quantile,0.025,156.22823664273852
2025-05-21,ARI incidence,2025-05-11,0,EE,quantile,0.025,148.8133837122162
2025-05-21,ARI incidence,2025-05-18,1,EE,quantile,0.025,140.14250874932492
2025-05-21,ARI incidence,2025-05-25,2,EE,quantile,0.025,131.9882359393657
2025-05-21,ARI incidence,2025-06-01,3,EE,quantile,0.025,125.53413342615453
2025-05-21,ARI incidence,2025-06-08,4,EE,quantile,0.025,119.58647937874332
2025-05-21,ARI incidence,2025-05-04,-1,EE,quantile,0.05,156.68070525091449
2025-05-21,ARI incidence,2025-05-11,0,EE,quantile,0.05,149.2399727251192
2025-05-21,ARI incidence,2025-05-18,1,EE,quantile,0.05,141.47905314347096
2025-05-21,ARI incidence,2025-05-25,2,EE,quantile,0.05,133.984368599815
2025-05-21,ARI incidence,2025-06-01,3,EE,quantile,0.05,126.44845662497931
2025-05-21,ARI incidence,2025-06-08,4,EE,quantile,0.05,120.1944094527177
2025-05-21,ARI incidence,2025-05-04,-1,EE,quantile,0.1,157.54931263504716
2025-05-21,ARI incidence,2025-05-11,0,EE,quantile,0.1,149.7828133568882
2025-05-21,ARI incidence,2025-05-18,1,EE,quantile,0.1,142.341372227272
2025-05-21,ARI incidence,2025-05-25,2,EE,quantile,0.1,135.24761432640128
2025-05-21,ARI incidence,2025-06-01,3,EE,quantile,0.1,128.92391221720834
2025-05-21,ARI incidence,2025-06-08,4,EE,quantile,0.1,123.44714264065252
2025-05-21,ARI incidence,2025-05-04,-1,EE,quantile,0.15,157.98372816874289
2025-05-21,ARI incidence,2025-05-11,0,EE,quantile,0.15,150.29177764225926
2025-05-21,ARI incidence,2025-05-18,1,EE,quantile,0.15,143.2203741160235
2025-05-21,ARI incidence,2025-05-25,2,EE,quantile,0.15,136.4634747830591
2025-05-21,ARI incidence,2025-06-01,3,EE,quantile,0.15,130.11190104496572
2025-05-21,ARI incidence,2025-06-08,4,EE,quantile,0.15,125.02721188181197
2025-05-21,ARI incidence,2025-05-04,-1,EE,quantile,0.2,158.42307985415502
2025-05-21,ARI incidence,2025-05-11,0,EE,quantile,0.2,150.73629528476448
2025-05-21,ARI incidence,2025-05-18,1,EE,quantile,0.2,144.2067649809149
2025-05-21,ARI incidence,2025-05-25,2,EE,quantile,0.2,137.50110899528045
2025-05-21,ARI incidence,2025-06-01,3,EE,quantile,0.2,131.2245902947996
2025-05-21,ARI incidence,2025-06-08,4,EE,quantile,0.2,126.13717127799691
2025-05-21,ARI incidence,2025-05-04,-1,EE,quantile,0.25,159.05837563987586
2025-05-21,ARI incidence,2025-05-11,0,EE,quantile,0.25,151.11045873114125
2025-05-21,ARI incidence,2025-05-18,1,EE,quantile,0.25,144.49143716153708
2025-05-21,ARI incidence,2025-05-25,2,EE,quantile,0.25,137.9635595146213
2025-05-21,ARI incidence,2025-06-01,3,EE,quantile,0.25,131.9300472756197
2025-05-21,ARI incidence,2025-06-08,4,EE,quantile,0.25,127.39020555120926
2025-05-21,ARI incidence,2025-05-04,-1,EE,quantile,0.3,159.85686841398055
2025-05-21,ARI incidence,2025-05-11,0,EE,quantile,0.3,151.323517231549
2025-05-21,ARI incidence,2025-05-18,1,EE,quantile,0.3,145.14149144249797
2025-05-21,ARI incidence,2025-05-25,2,EE,quantile,0.3,138.8643419195475
2025-05-21,ARI incidence,2025-06-01,3,EE,quantile,0.3,133.53730919429964
2025-05-21,ARI incidence,2025-06-08,4,EE,quantile,0.3,129.07761085887287
2025-05-21,ARI incidence,2025-05-04,-1,EE,quantile,0.35,160.3565805439791
2025-05-21,ARI incidence,2025-05-11,0,EE,quantile,0.35,152.0345644963886
2025-05-21,ARI incidence,2025-05-18,1,EE,quantile,0.35,145.26244719105082
2025-05-21,ARI incidence,2025-05-25,2,EE,quantile,0.35,139.40511334245932
2025-05-21,ARI incidence,2025-06-01,3,EE,quantile,0.35,134.2479636373355
2025-05-21,ARI incidence,2025-06-08,4,EE,quantile,0.35,129.63890491147487
2025-05-21,ARI incidence,2025-05-04,-1,EE,quantile,0.4,160.90544771236955
2025-05-21,ARI incidence,2025-05-11,0,EE,quantile,0.4,152.44594403221248
2025-05-21,ARI incidence,2025-05-18,1,EE,quantile,0.4,145.88087326621465
2025-05-21,ARI incidence,2025-05-25,2,EE,quantile,0.4,140.2555825331058
2025-05-21,ARI incidence,2025-06-01,3,EE,quantile,0.4,134.6710960720228
2025-05-21,ARI incidence,2025-06-08,4,EE,quantile,0.4,130.43714563651974
2025-05-21,ARI incidence,2025-05-04,-1,EE,quantile,0.45,161.24951027196428
2025-05-21,ARI incidence,2025-05-11,0,EE,quantile,0.45,152.99168703632773
2025-05-21,ARI incidence,2025-05-18,1,EE,quantile,0.45,146.38081414866252
2025-05-21,ARI incidence,2025-05-25,2,EE,quantile,0.45,140.69340803886476
2025-05-21,ARI incidence,2025-06-01,3,EE,quantile,0.45,135.4773310967714
2025-05-21,ARI incidence,2025-06-08,4,EE,quantile,0.45,130.70857452415802
2025-05-21,ARI incidence,2025-05-04,-1,EE,quantile,0.5,161.6662805770945
2025-05-21,ARI incidence,2025-05-11,0,EE,quantile,0.5,153.54632637895452
2025-05-21,ARI incidence,2025-05-18,1,EE,quantile,0.5,146.97393739977554
2025-05-21,ARI incidence,2025-05-25,2,EE,quantile,0.5,140.91121366049572
2025-05-21,ARI incidence,2025-06-01,3,EE,quantile,0.5,135.93492460369015
2025-05-21,ARI incidence,2025-06-08,4,EE,quantile,0.5,131.13067583379438
2025-05-21,ARI incidence,2025-05-04,-1,EE,quantile,0.55,162.08402964184026
2025-05-21,ARI incidence,2025-05-11,0,EE,quantile,0.55,154.0743937657785
2025-05-21,ARI incidence,2025-05-18,1,EE,quantile,0.55,147.13116084755526
2025-05-21,ARI incidence,2025-05-25,2,EE,quantile,0.55,141.41577987206543
2025-05-21,ARI incidence,2025-06-01,3,EE,quantile,0.55,136.19206780695885
2025-05-21,ARI incidence,2025-06-08,4,EE,quantile,0.55,131.89927350898364
2025-05-21,ARI incidence,2025-05-04,-1,EE,quantile,0.6,162.5890496375946
2025-05-21,ARI incidence,2025-05-11,0,EE,quantile,0.6,154.49355185778154
2025-05-21,ARI incidence,2025-05-18,1,EE,quantile,0.6,147.81905947431665
2025-05-21,ARI incidence,2025-05-25,2,EE,quantile,0.6,142.22784998095025
2025-05-21,ARI incidence,2025-06-01,3,EE,quantile,0.6,136.61786456044052
2025-05-21,ARI incidence,2025-06-08,4,EE,quantile,0.6,132.6353979420441
2025-05-21,ARI incidence,2025-05-04,-1,EE,quantile,0.65,163.3087699506995
2025-05-21,ARI incidence,2025-05-11,0,EE,quantile,0.65,155.4047331786942
2025-05-21,ARI incidence,2025-05-18,1,EE,quantile,0.65,148.08589322172236
2025-05-21,ARI incidence,2025-05-25,2,EE,quantile,0.65,142.5811238944981
2025-05-21,ARI incidence,2025-06-01,3,EE,quantile,0.65,137.18640116941344
2025-05-21,ARI incidence,2025-06-08,4,EE,quantile,0.65,133.28816972625438
2025-05-21,ARI incidence,2025-05-04,-1,EE,quantile,0.7,164.10642917685988
2025-05-21,ARI incidence,2025-05-11,0,EE,quantile,0.7,155.72179216831012
2025-05-21,ARI incidence,2025-05-18,1,EE,quantile,0.7,148.5319869314799
2025-05-21,ARI incidence,2025-05-25,2,EE,quantile,0.7,143.25930593979112
2025-05-21,ARI incidence,2025-06-01,3,EE,quantile,0.7,138.394842811879
2025-05-21,ARI incidence,2025-06-08,4,EE,quantile,0.7,133.87525751376202
2025-05-21,ARI incidence,2025-05-04,-1,EE,quantile,0.75,164.76128582010412
2025-05-21,ARI incidence,2025-05-11,0,EE,quantile,0.75,156.1844881378257
2025-05-21,ARI incidence,2025-05-18,1,EE,quantile,0.75,149.06117145330168
2025-05-21,ARI incidence,2025-05-25,2,EE,quantile,0.75,143.99873865869077
2025-05-21,ARI incidence,2025-06-01,3,EE,quantile,0.75,139.26210818798052
2025-05-21,ARI incidence,2025-06-08,4,EE,quantile,0.75,135.2526572623094
2025-05-21,ARI incidence,2025-05-04,-1,EE,quantile,0.8,165.11175712185863
2025-05-21,ARI incidence,2025-05-11,0,EE,quantile,0.8,156.77943845050692
2025-05-21,ARI incidence,2025-05-18,1,EE,quantile,0.8,149.82240880880377
2025-05-21,ARI incidence,2025-05-25,2,EE,quantile,0.8,144.65935882413947
2025-05-21,ARI incidence,2025-06-01,3,EE,quantile,0.8,139.90761066276582
2025-05-21,ARI incidence,2025-06-08,4,EE,quantile,0.8,135.99322231147883
2025-05-21,ARI incidence,2025-05-04,-1,EE,quantile,0.85,165.53721516724005
2025-05-21,ARI incidence,2025-05-11,0,EE,quantile,0.85,157.13686289102156
2025-05-21,ARI incidence,2025-05-18,1,EE,quantile,0.85,150.46576491583676
2025-05-21,ARI incidence,2025-05-25,2,EE,quantile,0.85,145.49321471913504
2025-05-21,ARI incidence,2025-06-01,3,EE,quantile,0.85,140.58136438209527
2025-05-21,ARI incidence,2025-06-08,4,EE,quantile,0.85,136.46754303820762
2025-05-21,ARI incidence,2025-05-04,-1,EE,quantile,0.9,166.27558364445662
2025-05-21,ARI incidence,2025-05-11,0,EE,quantile,0.9,158.6116949119134
2025-05-21,ARI incidence,2025-05-18,1,EE,quantile,0.9,152.09415786382036
2025-05-21,ARI incidence,2025-05-25,2,EE,quantile,0.9,147.07307610776567
2025-05-21,ARI incidence,2025-06-01,3,EE,quantile,0.9,141.8245414524395
2025-05-21,ARI incidence,2025-06-08,4,EE,quantile,0.9,139.17517407115668
2025-05-21,ARI incidence,2025-05-04,-1,EE,quantile,0.95,167.20657407810236
2025-05-21,ARI incidence,2025-05-11,0,EE,quantile,0.95,160.15206728194633
2025-05-21,ARI incidence,2025-05-18,1,EE,quantile,0.95,153.5981099430297
2025-05-21,ARI incidence,2025-05-25,2,EE,quantile,0.95,149.10256267082795
2025-05-21,ARI incidence,2025-06-01,3,EE,quantile,0.95,145.81406620859164
2025-05-21,ARI incidence,2025-06-08,4,EE,quantile,0.95,143.04063976833766
2025-05-21,ARI incidence,2025-05-04,-1,EE,quantile,0.975,169.21714970432504
2025-05-21,ARI incidence,2025-05-11,0,EE,quantile,0.975,160.4705025585937
2025-05-21,ARI incidence,2025-05-18,1,EE,quantile,0.975,154.49369223701095
2025-05-21,ARI incidence,2025-05-25,2,EE,quantile,0.975,151.11550575388878
2025-05-21,ARI incidence,2025-06-01,3,EE,quantile,0.975,147.13920378251188
2025-05-21,ARI incidence,2025-06-08,4,EE,quantile,0.975,143.38003614457634
2025-05-21,ARI incidence,2025-05-04,-1,EE,quantile,0.99,169.52507040206947
2025-05-21,ARI incidence,2025-05-11,0,EE,quantile,0.99,160.59569168069297
2025-05-21,ARI incidence,2025-05-18,1,EE,quantile,0.99,155.94477445397771
2025-05-21,ARI incidence,2025-05-25,2,EE,quantile,0.99,151.46562529008906
2025-05-21,ARI incidence,2025-06-01,3,EE,quantile,0.99,147.45432958943815
2025-05-21,ARI incidence,2025-06-08,4,EE,quantile,0.99,144.80094874922062
2025-05-21,ARI incidence,2025-05-04,-1,ES,quantile,0.01,341.7003663236619
2025-05-21,ARI incidence,2025-05-11,0,ES,quantile,0.01,321.4507688353791
2025-05-21,ARI incidence,2025-05-18,1,ES,quantile,0.01,303.1314837634247
2025-05-21,ARI incidence,2025-05-25,2,ES,quantile,0.01,286.51130705076827
2025-05-21,ARI incidence,2025-06-01,3,ES,quantile,0.01,270.2564598908369
2025-05-21,ARI incidence,2025-06-08,4,ES,quantile,0.01,256.122106931542
2025-05-21,ARI incidence,2025-05-04,-1,ES,quantile,0.025,343.7152136924883
2025-05-21,ARI incidence,2025-05-11,0,ES,quantile,0.025,322.5934839947841
2025-05-21,ARI incidence,2025-05-18,1,ES,quantile,0.025,304.9286730501389
2025-05-21,ARI incidence,2025-05-25,2,ES,quantile,0.025,287.20322384342126
2025-05-21,ARI incidence,2025-06-01,3,ES,quantile,0.025,271.1655575556129
2025-05-21,ARI incidence,2025-06-08,4,ES,quantile,0.025,257.4821932388757
2025-05-21,ARI incidence,2025-05-04,-1,ES,quantile,0.05,347.27873630069155
2025-05-21,ARI incidence,2025-05-11,0,ES,quantile,0.05,326.63704469418906
2025-05-21,ARI incidence,2025-05-18,1,ES,quantile,0.05,305.58872792404014
2025-05-21,ARI incidence,2025-05-25,2,ES,quantile,0.05,288.4020078737235
2025-05-21,ARI incidence,2025-06-01,3,ES,quantile,0.05,272.20484472940745
2025-05-21,ARI incidence,2025-06-08,4,ES,quantile,0.05,258.36325274038256
2025-05-21,ARI incidence,2025-05-04,-1,ES,quantile,0.1,350.07933289162366
2025-05-21,ARI incidence,2025-05-11,0,ES,quantile,0.1,328.5407814513391
2025-05-21,ARI incidence,2025-05-18,1,ES,quantile,0.1,308.4136269746201
2025-05-21,ARI incidence,2025-05-25,2,ES,quantile,0.1,290.43491121958493
2025-05-21,ARI incidence,2025-06-01,3,ES,quantile,0.1,273.94571427455315
2025-05-21,ARI incidence,2025-06-08,4,ES,quantile,0.1,260.5709406265536
2025-05-21,ARI incidence,2025-05-04,-1,ES,quantile,0.15,350.7748382381106
2025-05-21,ARI incidence,2025-05-11,0,ES,quantile,0.15,329.5567613157606
2025-05-21,ARI incidence,2025-05-18,1,ES,quantile,0.15,309.88591899977496
2025-05-21,ARI incidence,2025-05-25,2,ES,quantile,0.15,291.4014439362375
2025-05-21,ARI incidence,2025-06-01,3,ES,quantile,0.15,275.41874673585545
2025-05-21,ARI incidence,2025-06-08,4,ES,quantile,0.15,263.0752430547132
2025-05-21,ARI incidence,2025-05-04,-1,ES,quantile,0.2,351.57679514414576
2025-05-21,ARI incidence,2025-05-11,0,ES,quantile,0.2,330.3431814254798
2025-05-21,ARI incidence,2025-05-18,1,ES,quantile,0.2,310.88073046755704
2025-05-21,ARI incidence,2025-05-25,2,ES,quantile,0.2,292.9928020734343
2025-05-21,ARI incidence,2025-06-01,3,ES,quantile,0.2,277.67808067452216
2025-05-21,ARI incidence,2025-06-08,4,ES,quantile,0.2,264.7399118609657
2025-05-21,ARI incidence,2025-05-04,-1,ES,quantile,0.25,352.57465624694976
2025-05-21,ARI incidence,2025-05-11,0,ES,quantile,0.25,331.1334618752544
2025-05-21,ARI incidence,2025-05-18,1,ES,quantile,0.25,311.93810394425145
2025-05-21,ARI incidence,2025-05-25,2,ES,quantile,0.25,293.7938434557523
2025-05-21,ARI incidence,2025-06-01,3,ES,quantile,0.25,278.7943322858083
2025-05-21,ARI incidence,2025-06-08,4,ES,quantile,0.25,265.7963241548495
2025-05-21,ARI incidence,2025-05-04,-1,ES,quantile,0.3,353.16540875391473
2025-05-21,ARI incidence,2025-05-11,0,ES,quantile,0.3,332.0633968869407
2025-05-21,ARI incidence,2025-05-18,1,ES,quantile,0.3,313.2075648283031
2025-05-21,ARI incidence,2025-05-25,2,ES,quantile,0.3,295.18336265594417
2025-05-21,ARI incidence,2025-06-01,3,ES,quantile,0.3,279.89627893885
2025-05-21,ARI incidence,2025-06-08,4,ES,quantile,0.3,266.4749361777677
2025-05-21,ARI incidence,2025-05-04,-1,ES,quantile,0.35,354.3343996572601
2025-05-21,ARI incidence,2025-05-11,0,ES,quantile,0.35,333.4946990011082
2025-05-21,ARI incidence,2025-05-18,1,ES,quantile,0.35,314.26954563652185
2025-05-21,ARI incidence,2025-05-25,2,ES,quantile,0.35,296.8606645576608
2025-05-21,ARI incidence,2025-06-01,3,ES,quantile,0.35,280.7148232154554
2025-05-21,ARI incidence,2025-06-08,4,ES,quantile,0.35,268.85879476421627
2025-05-21,ARI incidence,2025-05-04,-1,ES,quantile,0.4,355.18906668119587
2025-05-21,ARI incidence,2025-05-11,0,ES,quantile,0.4,334.77524367646976
2025-05-21,ARI incidence,2025-05-18,1,ES,quantile,0.4,315.0061179445097
2025-05-21,ARI incidence,2025-05-25,2,ES,quantile,0.4,297.53865141686737
2025-05-21,ARI incidence,2025-06-01,3,ES,quantile,0.4,282.1178663691156
2025-05-21,ARI incidence,2025-06-08,4,ES,quantile,0.4,269.68550470177206
2025-05-21,ARI incidence,2025-05-04,-1,ES,quantile,0.45,356.5560703564828
2025-05-21,ARI incidence,2025-05-11,0,ES,quantile,0.45,335.735502490413
2025-05-21,ARI incidence,2025-05-18,1,ES,quantile,0.45,315.7713090360377
2025-05-21,ARI incidence,2025-05-25,2,ES,quantile,0.45,298.23426051682503
2025-05-21,ARI incidence,2025-06-01,3,ES,quantile,0.45,282.8809838276445
2025-05-21,ARI incidence,2025-06-08,4,ES,quantile,0.45,270.4538876323685
2025-05-21,ARI incidence,2025-05-04,-1,ES,quantile,0.5,357.27436130496244
2025-05-21,ARI incidence,2025-05-11,0,ES,quantile,0.5,336.2526333996664
2025-05-21,ARI incidence,2025-05-18,1,ES,quantile,0.5,316.09584423743854
2025-05-21,ARI incidence,2025-05-25,2,ES,quantile,0.5,299.01603946485665
2025-05-21,ARI incidence,2025-06-01,3,ES,quantile,0.5,283.6231987780204
2025-05-21,ARI incidence,2025-06-08,4,ES,quantile,0.5,271.12725899322913
2025-05-21,ARI incidence,2025-05-04,-1,ES,quantile,0.55,357.673417507021
2025-05-21,ARI incidence,2025-05-11,0,ES,quantile,0.55,336.82145787778416
2025-05-21,ARI incidence,2025-05-18,1,ES,quantile,0.55,316.9348155684672
2025-05-21,ARI incidence,2025-05-25,2,ES,quantile,0.55,299.48787116645894
2025-05-21,ARI incidence,2025-06-01,3,ES,quantile,0.55,284.98624644878595
2025-05-21,ARI incidence,2025-06-08,4,ES,quantile,0.55,271.6542121289349
2025-05-21,ARI incidence,2025-05-04,-1,ES,quantile,0.6,358.11713294927387
2025-05-21,ARI incidence,2025-05-11,0,ES,quantile,0.6,337.0887350498048
2025-05-21,ARI incidence,2025-05-18,1,ES,quantile,0.6,317.5550967900384
2025-05-21,ARI incidence,2025-05-25,2,ES,quantile,0.6,299.9935673450828
2025-05-21,ARI incidence,2025-06-01,3,ES,quantile,0.6,285.36119751204217
2025-05-21,ARI incidence,2025-06-08,4,ES,quantile,0.6,272.6907626067757
2025-05-21,ARI incidence,2025-05-04,-1,ES,quantile,0.65,359.31594072377715
2025-05-21,ARI incidence,2025-05-11,0,ES,quantile,0.65,337.5648079512063
2025-05-21,ARI incidence,2025-05-18,1,ES,quantile,0.65,318.0511008238348
2025-05-21,ARI incidence,2025-05-25,2,ES,quantile,0.65,300.8484092619677
2025-05-21,ARI incidence,2025-06-01,3,ES,quantile,0.65,286.1431948306959
2025-05-21,ARI incidence,2025-06-08,4,ES,quantile,0.65,274.2228465091891
2025-05-21,ARI incidence,2025-05-04,-1,ES,quantile,0.7,359.8037764178519
2025-05-21,ARI incidence,2025-05-11,0,ES,quantile,0.7,338.7343270583296
2025-05-21,ARI incidence,2025-05-18,1,ES,quantile,0.7,318.939381749157
2025-05-21,ARI incidence,2025-05-25,2,ES,quantile,0.7,301.4794381897381
2025-05-21,ARI incidence,2025-06-01,3,ES,quantile,0.7,287.64274853770274
2025-05-21,ARI incidence,2025-06-08,4,ES,quantile,0.7,275.66513353749446
2025-05-21,ARI incidence,2025-05-04,-1,ES,quantile,0.75,360.171015815633
2025-05-21,ARI incidence,2025-05-11,0,ES,quantile,0.75,339.43989939744176
2025-05-21,ARI incidence,2025-05-18,1,ES,quantile,0.75,319.22021066243394
2025-05-21,ARI incidence,2025-05-25,2,ES,quantile,0.75,302.94615266553205
2025-05-21,ARI incidence,2025-06-01,3,ES,quantile,0.75,288.50728950886383
2025-05-21,ARI incidence,2025-06-08,4,ES,quantile,0.75,277.040657646626
2025-05-21,ARI incidence,2025-05-04,-1,ES,quantile,0.8,360.6556911259992
2025-05-21,ARI incidence,2025-05-11,0,ES,quantile,0.8,339.8143330484694
2025-05-21,ARI incidence,2025-05-18,1,ES,quantile,0.8,319.93673360219856
2025-05-21,ARI incidence,2025-05-25,2,ES,quantile,0.8,303.83173084714093
2025-05-21,ARI incidence,2025-06-01,3,ES,quantile,0.8,289.05866976527767
2025-05-21,ARI incidence,2025-06-08,4,ES,quantile,0.8,277.61844712336824
2025-05-21,ARI incidence,2025-05-04,-1,ES,quantile,0.85,361.18328135522535
2025-05-21,ARI incidence,2025-05-11,0,ES,quantile,0.85,340.160306911863
2025-05-21,ARI incidence,2025-05-18,1,ES,quantile,0.85,321.27549449883605
2025-05-21,ARI incidence,2025-05-25,2,ES,quantile,0.85,305.26612819945086
2025-05-21,ARI incidence,2025-06-01,3,ES,quantile,0.85,291.49001634546016
2025-05-21,ARI incidence,2025-06-08,4,ES,quantile,0.85,279.6426167929148
2025-05-21,ARI incidence,2025-05-04,-1,ES,quantile,0.9,361.9270953304708
2025-05-21,ARI incidence,2025-05-11,0,ES,quantile,0.9,340.7096008854611
2025-05-21,ARI incidence,2025-05-18,1,ES,quantile,0.9,322.16821742890966
2025-05-21,ARI incidence,2025-05-25,2,ES,quantile,0.9,306.46415805168056
2025-05-21,ARI incidence,2025-06-01,3,ES,quantile,0.9,292.7913310330585
2025-05-21,ARI incidence,2025-06-08,4,ES,quantile,0.9,281.21901134687107
2025-05-21,ARI incidence,2025-05-04,-1,ES,quantile,0.95,364.1513349190884
2025-05-21,ARI incidence,2025-05-11,0,ES,quantile,0.95,340.97171680607045
2025-05-21,ARI incidence,2025-05-18,1,ES,quantile,0.95,324.18246978996086
2025-05-21,ARI incidence,2025-05-25,2,ES,quantile,0.95,308.60919556594087
2025-05-21,ARI incidence,2025-06-01,3,ES,quantile,0.95,296.24575497009715
2025-05-21,ARI incidence,2025-06-08,4,ES,quantile,0.95,285.9466549421764
2025-05-21,ARI incidence,2025-05-04,-1,ES,quantile,0.975,364.9259906006522
2025-05-21,ARI incidence,2025-05-11,0,ES,quantile,0.975,342.422173904547
2025-05-21,ARI incidence,2025-05-18,1,ES,quantile,0.975,324.6693895820416
2025-05-21,ARI incidence,2025-05-25,2,ES,quantile,0.975,311.0918903115998
2025-05-21,ARI incidence,2025-06-01,3,ES,quantile,0.975,298.4840113332026
2025-05-21,ARI incidence,2025-06-08,4,ES,quantile,0.975,287.1248411852699
2025-05-21,ARI incidence,2025-05-04,-1,ES,quantile,0.99,365.30967617872017
2025-05-21,ARI incidence,2025-05-11,0,ES,quantile,0.99,342.7477452728553
2025-05-21,ARI incidence,2025-05-18,1,ES,quantile,0.99,325.70809669618586
2025-05-21,ARI incidence,2025-05-25,2,ES,quantile,0.99,312.41879170941485
2025-05-21,ARI incidence,2025-06-01,3,ES,quantile,0.99,300.0374600132442
2025-05-21,ARI incidence,2025-06-08,4,ES,quantile,0.99,290.5080781046622
2025-05-21,ARI incidence,2025-05-04,-1,FI,quantile,0.01,2570.655618577784
2025-05-21,ARI incidence,2025-05-11,0,FI,quantile,0.01,2523.6895360443787
2025-05-21,ARI incidence,2025-05-18,1,FI,quantile,0.01,2485.3913215964067
2025-05-21,ARI incidence,2025-05-25,2,FI,quantile,0.01,2452.999568654127
2025-05-21,ARI incidence,2025-06-01,3,FI,quantile,0.01,2420.185440544072
2025-05-21,ARI incidence,2025-06-08,4,FI,quantile,0.01,2393.595336340001
2025-05-21,ARI incidence,2025-05-04,-1,FI,quantile,0.025,2572.9912873068674
2025-05-21,ARI incidence,2025-05-11,0,FI,quantile,0.025,2528.991076558712
2025-05-21,ARI incidence,2025-05-18,1,FI,quantile,0.025,2488.029535365855
2025-05-21,ARI incidence,2025-05-25,2,FI,quantile,0.025,2453.539821414568
2025-05-21,ARI incidence,2025-06-01,3,FI,quantile,0.025,2425.542710706892
2025-05-21,ARI incidence,2025-06-08,4,FI,quantile,0.025,2406.482020355288
2025-05-21,ARI incidence,2025-05-04,-1,FI,quantile,0.05,2574.9522820412403
2025-05-21,ARI incidence,2025-05-11,0,FI,quantile,0.05,2532.0382265983035
2025-05-21,ARI incidence,2025-05-18,1,FI,quantile,0.05,2490.61716452609
2025-05-21,ARI incidence,2025-05-25,2,FI,quantile,0.05,2456.160771778879
2025-05-21,ARI incidence,2025-06-01,3,FI,quantile,0.05,2428.375899252156
2025-05-21,ARI incidence,2025-06-08,4,FI,quantile,0.05,2410.718956047868
2025-05-21,ARI incidence,2025-05-04,-1,FI,quantile,0.1,2579.1983138657606
2025-05-21,ARI incidence,2025-05-11,0,FI,quantile,0.1,2534.506190438834
2025-05-21,ARI incidence,2025-05-18,1,FI,quantile,0.1,2492.267136842712
2025-05-21,ARI incidence,2025-05-25,2,FI,quantile,0.1,2459.0506120998266
2025-05-21,ARI incidence,2025-06-01,3,FI,quantile,0.1,2437.606849291307
2025-05-21,ARI incidence,2025-06-08,4,FI,quantile,0.1,2418.9623048100407
2025-05-21,ARI incidence,2025-05-04,-1,FI,quantile,0.15,2583.41244227774
2025-05-21,ARI incidence,2025-05-11,0,FI,quantile,0.15,2536.68329030275
2025-05-21,ARI incidence,2025-05-18,1,FI,quantile,0.15,2494.948196286122
2025-05-21,ARI incidence,2025-05-25,2,FI,quantile,0.15,2462.854058085835
2025-05-21,ARI incidence,2025-06-01,3,FI,quantile,0.15,2443.0226513935795
2025-05-21,ARI incidence,2025-06-08,4,FI,quantile,0.15,2426.9900919057573
2025-05-21,ARI incidence,2025-05-04,-1,FI,quantile,0.2,2585.2015214198987
2025-05-21,ARI incidence,2025-05-11,0,FI,quantile,0.2,2538.488741684
2025-05-21,ARI incidence,2025-05-18,1,FI,quantile,0.2,2497.6176805859013
2025-05-21,ARI incidence,2025-05-25,2,FI,quantile,0.2,2466.8642100813668
2025-05-21,ARI incidence,2025-06-01,3,FI,quantile,0.2,2445.691730298042
2025-05-21,ARI incidence,2025-06-08,4,FI,quantile,0.2,2433.057286781875
2025-05-21,ARI incidence,2025-05-04,-1,FI,quantile,0.25,2586.583403584437
2025-05-21,ARI incidence,2025-05-11,0,FI,quantile,0.25,2540.443300119978
2025-05-21,ARI incidence,2025-05-18,1,FI,quantile,0.25,2500.075175846397
2025-05-21,ARI incidence,2025-05-25,2,FI,quantile,0.25,2469.963682671907
2025-05-21,ARI incidence,2025-06-01,3,FI,quantile,0.25,2450.5363124368737
2025-05-21,ARI incidence,2025-06-08,4,FI,quantile,0.25,2436.17458532752
2025-05-21,ARI incidence,2025-05-04,-1,FI,quantile,0.3,2587.9664999523347
2025-05-21,ARI incidence,2025-05-11,0,FI,quantile,0.3,2541.6181851918645
2025-05-21,ARI incidence,2025-05-18,1,FI,quantile,0.3,2502.671577134378
2025-05-21,ARI incidence,2025-05-25,2,FI,quantile,0.3,2475.8418509883545
2025-05-21,ARI incidence,2025-06-01,3,FI,quantile,0.3,2454.270343081638
2025-05-21,ARI incidence,2025-06-08,4,FI,quantile,0.3,2440.0381133992028
2025-05-21,ARI incidence,2025-05-04,-1,FI,quantile,0.35,2589.3664722466788
2025-05-21,ARI incidence,2025-05-11,0,FI,quantile,0.35,2543.1423474947724
2025-05-21,ARI incidence,2025-05-18,1,FI,quantile,0.35,2505.442801479805
2025-05-21,ARI incidence,2025-05-25,2,FI,quantile,0.35,2479.4668499350705
2025-05-21,ARI incidence,2025-06-01,3,FI,quantile,0.35,2457.5918654942648
2025-05-21,ARI incidence,2025-06-08,4,FI,quantile,0.35,2444.34047551497
2025-05-21,ARI incidence,2025-05-04,-1,FI,quantile,0.4,2593.941130083338
2025-05-21,ARI incidence,2025-05-11,0,FI,quantile,0.4,2544.0913894080486
2025-05-21,ARI incidence,2025-05-18,1,FI,quantile,0.4,2506.8596083503526
2025-05-21,ARI incidence,2025-05-25,2,FI,quantile,0.4,2481.251413225882
2025-05-21,ARI incidence,2025-06-01,3,FI,quantile,0.4,2460.268301570215
2025-05-21,ARI incidence,2025-06-08,4,FI,quantile,0.4,2446.072642774085
2025-05-21,ARI incidence,2025-05-04,-1,FI,quantile,0.45,2597.952659061542
2025-05-21,ARI incidence,2025-05-11,0,FI,quantile,0.45,2545.4061631469804
2025-05-21,ARI incidence,2025-05-18,1,FI,quantile,0.45,2508.1642497274274
2025-05-21,ARI incidence,2025-05-25,2,FI,quantile,0.45,2482.9259804255244
2025-05-21,ARI incidence,2025-06-01,3,FI,quantile,0.45,2462.6511027341257
2025-05-21,ARI incidence,2025-06-08,4,FI,quantile,0.45,2452.0695386258035
2025-05-21,ARI incidence,2025-05-04,-1,FI,quantile,0.5,2599.002775750514
2025-05-21,ARI incidence,2025-05-11,0,FI,quantile,0.5,2546.852484584111
2025-05-21,ARI incidence,2025-05-18,1,FI,quantile,0.5,2510.1133496811567
2025-05-21,ARI incidence,2025-05-25,2,FI,quantile,0.5,2484.1363083460874
2025-05-21,ARI incidence,2025-06-01,3,FI,quantile,0.5,2465.768995118363
2025-05-21,ARI incidence,2025-06-08,4,FI,quantile,0.5,2453.632695683502
2025-05-21,ARI incidence,2025-05-04,-1,FI,quantile,0.55,2600.3061783947096
2025-05-21,ARI incidence,2025-05-11,0,FI,quantile,0.55,2547.9966506689966
2025-05-21,ARI incidence,2025-05-18,1,FI,quantile,0.55,2512.596542061294
2025-05-21,ARI incidence,2025-05-25,2,FI,quantile,0.55,2486.4057260763307
2025-05-21,ARI incidence,2025-06-01,3,FI,quantile,0.55,2469.531347161917
2025-05-21,ARI incidence,2025-06-08,4,FI,quantile,0.55,2459.8724450397576
2025-05-21,ARI incidence,2025-05-04,-1,FI,quantile,0.6,2602.2660928451014
2025-05-21,ARI incidence,2025-05-11,0,FI,quantile,0.6,2550.231501047979
2025-05-21,ARI incidence,2025-05-18,1,FI,quantile,0.6,2514.346057303412
2025-05-21,ARI incidence,2025-05-25,2,FI,quantile,0.6,2488.5239549826965
2025-05-21,ARI incidence,2025-06-01,3,FI,quantile,0.6,2473.355612868531
2025-05-21,ARI incidence,2025-06-08,4,FI,quantile,0.6,2462.4890841394576
2025-05-21,ARI incidence,2025-05-04,-1,FI,quantile,0.65,2605.460414348384
2025-05-21,ARI incidence,2025-05-11,0,FI,quantile,0.65,2553.923436906646
2025-05-21,ARI incidence,2025-05-18,1,FI,quantile,0.65,2516.43405510439
2025-05-21,ARI incidence,2025-05-25,2,FI,quantile,0.65,2489.7657380924074
2025-05-21,ARI incidence,2025-06-01,3,FI,quantile,0.65,2474.935276921911
2025-05-21,ARI incidence,2025-06-08,4,FI,quantile,0.65,2465.712781695178
2025-05-21,ARI incidence,2025-05-04,-1,FI,quantile,0.7,2607.725489442005
2025-05-21,ARI incidence,2025-05-11,0,FI,quantile,0.7,2555.2214878067343
2025-05-21,ARI incidence,2025-05-18,1,FI,quantile,0.7,2518.507126340054
2025-05-21,ARI incidence,2025-05-25,2,FI,quantile,0.7,2493.8848326660864
2025-05-21,ARI incidence,2025-06-01,3,FI,quantile,0.7,2477.938275707272
2025-05-21,ARI incidence,2025-06-08,4,FI,quantile,0.7,2467.6076458393527
2025-05-21,ARI incidence,2025-05-04,-1,FI,quantile,0.75,2609.200208968958
2025-05-21,ARI incidence,2025-05-11,0,FI,quantile,0.75,2557.5517713631616
2025-05-21,ARI incidence,2025-05-18,1,FI,quantile,0.75,2521.482719154847
2025-05-21,ARI incidence,2025-05-25,2,FI,quantile,0.75,2496.031588654976
2025-05-21,ARI incidence,2025-06-01,3,FI,quantile,0.75,2480.884878142624
2025-05-21,ARI incidence,2025-06-08,4,FI,quantile,0.75,2470.2950367688927
2025-05-21,ARI incidence,2025-05-04,-1,FI,quantile,0.8,2613.3115240129828
2025-05-21,ARI incidence,2025-05-11,0,FI,quantile,0.8,2560.084578867667
2025-05-21,ARI incidence,2025-05-18,1,FI,quantile,0.8,2522.909407139243
2025-05-21,ARI incidence,2025-05-25,2,FI,quantile,0.8,2497.9070265154096
2025-05-21,ARI incidence,2025-06-01,3,FI,quantile,0.8,2482.7829268419223
2025-05-21,ARI incidence,2025-06-08,4,FI,quantile,0.8,2473.0991922023336
2025-05-21,ARI incidence,2025-05-04,-1,FI,quantile,0.85,2614.588931433762
2025-05-21,ARI incidence,2025-05-11,0,FI,quantile,0.85,2561.9504511258065
2025-05-21,ARI incidence,2025-05-18,1,FI,quantile,0.85,2524.203777945924
2025-05-21,ARI incidence,2025-05-25,2,FI,quantile,0.85,2502.493061008471
2025-05-21,ARI incidence,2025-06-01,3,FI,quantile,0.85,2486.17006421046
2025-05-21,ARI incidence,2025-06-08,4,FI,quantile,0.85,2477.5131379690392
2025-05-21,ARI incidence,2025-05-04,-1,FI,quantile,0.9,2618.8439245916343
2025-05-21,ARI incidence,2025-05-11,0,FI,quantile,0.9,2563.692992894176
2025-05-21,ARI incidence,2025-05-18,1,FI,quantile,0.9,2525.3692064193283
2025-05-21,ARI incidence,2025-05-25,2,FI,quantile,0.9,2505.2289466072366
2025-05-21,ARI incidence,2025-06-01,3,FI,quantile,0.9,2490.514034076574
2025-05-21,ARI incidence,2025-06-08,4,FI,quantile,0.9,2481.7616251620902
2025-05-21,ARI incidence,2025-05-04,-1,FI,quantile,0.95,2620.711905930385
2025-05-21,ARI incidence,2025-05-11,0,FI,quantile,0.95,2569.2936796188656
2025-05-21,ARI incidence,2025-05-18,1,FI,quantile,0.95,2532.5240159461428
2025-05-21,ARI incidence,2025-05-25,2,FI,quantile,0.95,2511.0231201726256
2025-05-21,ARI incidence,2025-06-01,3,FI,quantile,0.95,2498.613725605945
2025-05-21,ARI incidence,2025-06-08,4,FI,quantile,0.95,2491.9542075369427
2025-05-21,ARI incidence,2025-05-04,-1,FI,quantile,0.975,2625.881102712633
2025-05-21,ARI incidence,2025-05-11,0,FI,quantile,0.975,2570.9467289101144
2025-05-21,ARI incidence,2025-05-18,1,FI,quantile,0.975,2536.501649367398
2025-05-21,ARI incidence,2025-05-25,2,FI,quantile,0.975,2519.0244605267526
2025-05-21,ARI incidence,2025-06-01,3,FI,quantile,0.975,2508.9836298192827
2025-05-21,ARI incidence,2025-06-08,4,FI,quantile,0.975,2502.6628562354576
2025-05-21,ARI incidence,2025-05-04,-1,FI,quantile,0.99,2628.563576678688
2025-05-21,ARI incidence,2025-05-11,0,FI,quantile,0.99,2573.3090344635057
2025-05-21,ARI incidence,2025-05-18,1,FI,quantile,0.99,2541.3662483592807
2025-05-21,ARI incidence,2025-05-25,2,FI,quantile,0.99,2522.0911787374016
2025-05-21,ARI incidence,2025-06-01,3,FI,quantile,0.99,2510.8582035745694
2025-05-21,ARI incidence,2025-06-08,4,FI,quantile,0.99,2504.188593221797
2025-05-21,ARI incidence,2025-05-04,-1,HU,quantile,0.01,845.4487040258439
2025-05-21,ARI incidence,2025-05-11,0,HU,quantile,0.01,826.5208359273912
2025-05-21,ARI incidence,2025-05-18,1,HU,quantile,0.01,813.3203462154855
2025-05-21,ARI incidence,2025-05-25,2,HU,quantile,0.01,807.3522939227566
2025-05-21,ARI incidence,2025-06-01,3,HU,quantile,0.01,804.5704289213097
2025-05-21,ARI incidence,2025-06-08,4,HU,quantile,0.01,803.4364808803862
2025-05-21,ARI incidence,2025-05-04,-1,HU,quantile,0.025,849.86832305067
2025-05-21,ARI incidence,2025-05-11,0,HU,quantile,0.025,827.70888322564
2025-05-21,ARI incidence,2025-05-18,1,HU,quantile,0.025,815.7762799610776
2025-05-21,ARI incidence,2025-05-25,2,HU,quantile,0.025,808.7670132342532
2025-05-21,ARI incidence,2025-06-01,3,HU,quantile,0.025,806.2242643224066
2025-05-21,ARI incidence,2025-06-08,4,HU,quantile,0.025,804.6105237097297
2025-05-21,ARI incidence,2025-05-04,-1,HU,quantile,0.05,853.0518270671716
2025-05-21,ARI incidence,2025-05-11,0,HU,quantile,0.05,829.3053121210775
2025-05-21,ARI incidence,2025-05-18,1,HU,quantile,0.05,817.1720871893698
2025-05-21,ARI incidence,2025-05-25,2,HU,quantile,0.05,811.5283384438162
2025-05-21,ARI incidence,2025-06-01,3,HU,quantile,0.05,808.0592281463128
2025-05-21,ARI incidence,2025-06-08,4,HU,quantile,0.05,805.8121189125918
2025-05-21,ARI incidence,2025-05-04,-1,HU,quantile,0.1,858.4665065541063
2025-05-21,ARI incidence,2025-05-11,0,HU,quantile,0.1,834.1315554243492
2025-05-21,ARI incidence,2025-05-18,1,HU,quantile,0.1,821.4589800158628
2025-05-21,ARI incidence,2025-05-25,2,HU,quantile,0.1,815.8659818960363
2025-05-21,ARI incidence,2025-06-01,3,HU,quantile,0.1,808.9986907047528
2025-05-21,ARI incidence,2025-06-08,4,HU,quantile,0.1,807.2898723222332
2025-05-21,ARI incidence,2025-05-04,-1,HU,quantile,0.15,861.094814861924
2025-05-21,ARI incidence,2025-05-11,0,HU,quantile,0.15,839.223529585262
2025-05-21,ARI incidence,2025-05-18,1,HU,quantile,0.15,825.9824519993492
2025-05-21,ARI incidence,2025-05-25,2,HU,quantile,0.15,817.6651956686633
2025-05-21,ARI incidence,2025-06-01,3,HU,quantile,0.15,813.5819901639148
2025-05-21,ARI incidence,2025-06-08,4,HU,quantile,0.15,809.6100738665131
2025-05-21,ARI incidence,2025-05-04,-1,HU,quantile,0.2,865.6549460560864
2025-05-21,ARI incidence,2025-05-11,0,HU,quantile,0.2,841.994422871836
2025-05-21,ARI incidence,2025-05-18,1,HU,quantile,0.2,827.9168910077956
2025-05-21,ARI incidence,2025-05-25,2,HU,quantile,0.2,819.8927978853415
2025-05-21,ARI incidence,2025-06-01,3,HU,quantile,0.2,814.7108096819056
2025-05-21,ARI incidence,2025-06-08,4,HU,quantile,0.2,812.6276928354353
2025-05-21,ARI incidence,2025-05-04,-1,HU,quantile,0.25,868.8784663775756
2025-05-21,ARI incidence,2025-05-11,0,HU,quantile,0.25,845.0447735031526
2025-05-21,ARI incidence,2025-05-18,1,HU,quantile,0.25,829.9967353796003
2025-05-21,ARI incidence,2025-05-25,2,HU,quantile,0.25,822.0514525720921
2025-05-21,ARI incidence,2025-06-01,3,HU,quantile,0.25,816.047225808859
2025-05-21,ARI incidence,2025-06-08,4,HU,quantile,0.25,813.0856514821954
2025-05-21,ARI incidence,2025-05-04,-1,HU,quantile,0.3,871.1235425030503
2025-05-21,ARI incidence,2025-05-11,0,HU,quantile,0.3,848.3893945230302
2025-05-21,ARI incidence,2025-05-18,1,HU,quantile,0.3,833.3937079704494
2025-05-21,ARI incidence,2025-05-25,2,HU,quantile,0.3,823.3466792300796
2025-05-21,ARI incidence,2025-06-01,3,HU,quantile,0.3,817.6410886922822
2025-05-21,ARI incidence,2025-06-08,4,HU,quantile,0.3,814.8315202167778
2025-05-21,ARI incidence,2025-05-04,-1,HU,quantile,0.35,877.6684175882914
2025-05-21,ARI incidence,2025-05-11,0,HU,quantile,0.35,851.1644384832193
2025-05-21,ARI incidence,2025-05-18,1,HU,quantile,0.35,834.4941854065636
2025-05-21,ARI incidence,2025-05-25,2,HU,quantile,0.35,824.2366252120584
2025-05-21,ARI incidence,2025-06-01,3,HU,quantile,0.35,819.6178868496648
2025-05-21,ARI incidence,2025-06-08,4,HU,quantile,0.35,817.2656918514749
2025-05-21,ARI incidence,2025-05-04,-1,HU,quantile,0.4,880.6149836739112
2025-05-21,ARI incidence,2025-05-11,0,HU,quantile,0.4,852.7561566743683
2025-05-21,ARI incidence,2025-05-18,1,HU,quantile,0.4,835.8166929162958
2025-05-21,ARI incidence,2025-05-25,2,HU,quantile,0.4,826.5595805140623
2025-05-21,ARI incidence,2025-06-01,3,HU,quantile,0.4,822.7756940736361
2025-05-21,ARI incidence,2025-06-08,4,HU,quantile,0.4,820.9500229370757
2025-05-21,ARI incidence,2025-05-04,-1,HU,quantile,0.45,882.5091417077545
2025-05-21,ARI incidence,2025-05-11,0,HU,quantile,0.45,854.7348365135718
2025-05-21,ARI incidence,2025-05-18,1,HU,quantile,0.45,838.6330263952859
2025-05-21,ARI incidence,2025-05-25,2,HU,quantile,0.45,829.2829070304701
2025-05-21,ARI incidence,2025-06-01,3,HU,quantile,0.45,825.0894416130119
2025-05-21,ARI incidence,2025-06-08,4,HU,quantile,0.45,822.1497042300333
2025-05-21,ARI incidence,2025-05-04,-1,HU,quantile,0.5,884.3064643510539
2025-05-21,ARI incidence,2025-05-11,0,HU,quantile,0.5,856.2598994121408
2025-05-21,ARI incidence,2025-05-18,1,HU,quantile,0.5,839.8458260680047
2025-05-21,ARI incidence,2025-05-25,2,HU,quantile,0.5,830.3364443662467
2025-05-21,ARI incidence,2025-06-01,3,HU,quantile,0.5,825.9795248174632
2025-05-21,ARI incidence,2025-06-08,4,HU,quantile,0.5,823.7496933199192
2025-05-21,ARI incidence,2025-05-04,-1,HU,quantile,0.55,887.4899697954277
2025-05-21,ARI incidence,2025-05-11,0,HU,quantile,0.55,858.5220094428154
2025-05-21,ARI incidence,2025-05-18,1,HU,quantile,0.55,840.6844348806264
2025-05-21,ARI incidence,2025-05-25,2,HU,quantile,0.55,831.9070437433205
2025-05-21,ARI incidence,2025-06-01,3,HU,quantile,0.55,826.8923613007503
2025-05-21,ARI incidence,2025-06-08,4,HU,quantile,0.55,824.5248800032458
2025-05-21,ARI incidence,2025-05-04,-1,HU,quantile,0.6,891.6149991163946
2025-05-21,ARI incidence,2025-05-11,0,HU,quantile,0.6,860.8844965107733
2025-05-21,ARI incidence,2025-05-18,1,HU,quantile,0.6,843.2938714744585
2025-05-21,ARI incidence,2025-05-25,2,HU,quantile,0.6,833.44867993072
2025-05-21,ARI incidence,2025-06-01,3,HU,quantile,0.6,827.8605840707812
2025-05-21,ARI incidence,2025-06-08,4,HU,quantile,0.6,826.541403209384
2025-05-21,ARI incidence,2025-05-04,-1,HU,quantile,0.65,893.1139049486312
2025-05-21,ARI incidence,2025-05-11,0,HU,quantile,0.65,862.4924733856915
2025-05-21,ARI incidence,2025-05-18,1,HU,quantile,0.65,845.8914691578011
2025-05-21,ARI incidence,2025-05-25,2,HU,quantile,0.65,836.2320006351285
2025-05-21,ARI incidence,2025-06-01,3,HU,quantile,0.65,832.6662393844937
2025-05-21,ARI incidence,2025-06-08,4,HU,quantile,0.65,830.0337479214102
2025-05-21,ARI incidence,2025-05-04,-1,HU,quantile,0.7,894.6797981844427
2025-05-21,ARI incidence,2025-05-11,0,HU,quantile,0.7,863.8343230896198
2025-05-21,ARI incidence,2025-05-18,1,HU,quantile,0.7,846.9784956685779
2025-05-21,ARI incidence,2025-05-25,2,HU,quantile,0.7,838.8423512882156
2025-05-21,ARI incidence,2025-06-01,3,HU,quantile,0.7,834.4366287706248
2025-05-21,ARI incidence,2025-06-08,4,HU,quantile,0.7,832.1406464967156
2025-05-21,ARI incidence,2025-05-04,-1,HU,quantile,0.75,899.0103455332646
2025-05-21,ARI incidence,2025-05-11,0,HU,quantile,0.75,866.0852261085249
2025-05-21,ARI incidence,2025-05-18,1,HU,quantile,0.75,849.8931172524753
2025-05-21,ARI incidence,2025-05-25,2,HU,quantile,0.75,840.1022487770538
2025-05-21,ARI incidence,2025-06-01,3,HU,quantile,0.75,836.2479887303251
2025-05-21,ARI incidence,2025-06-08,4,HU,quantile,0.75,833.946194561654
2025-05-21,ARI incidence,2025-05-04,-1,HU,quantile,0.8,902.30951209767
2025-05-21,ARI incidence,2025-05-11,0,HU,quantile,0.8,868.1419195646545
2025-05-21,ARI incidence,2025-05-18,1,HU,quantile,0.8,850.9907076512662
2025-05-21,ARI incidence,2025-05-25,2,HU,quantile,0.8,843.4460583021134
2025-05-21,ARI incidence,2025-06-01,3,HU,quantile,0.8,838.0064949773626
2025-05-21,ARI incidence,2025-06-08,4,HU,quantile,0.8,836.14820293865
2025-05-21,ARI incidence,2025-05-04,-1,HU,quantile,0.85,905.5741638118344
2025-05-21,ARI incidence,2025-05-11,0,HU,quantile,0.85,870.4993859011915
2025-05-21,ARI incidence,2025-05-18,1,HU,quantile,0.85,853.3287113591316
2025-05-21,ARI incidence,2025-05-25,2,HU,quantile,0.85,845.3328377469459
2025-05-21,ARI incidence,2025-06-01,3,HU,quantile,0.85,841.3389986171297
2025-05-21,ARI incidence,2025-06-08,4,HU,quantile,0.85,840.1655616543139
2025-05-21,ARI incidence,2025-05-04,-1,HU,quantile,0.9,911.7329659829156
2025-05-21,ARI incidence,2025-05-11,0,HU,quantile,0.9,874.0372576478434
2025-05-21,ARI incidence,2025-05-18,1,HU,quantile,0.9,855.6984638722809
2025-05-21,ARI incidence,2025-05-25,2,HU,quantile,0.9,848.0608197287098
2025-05-21,ARI incidence,2025-06-01,3,HU,quantile,0.9,844.4646625239565
2025-05-21,ARI incidence,2025-06-08,4,HU,quantile,0.9,843.1620434000423
2025-05-21,ARI incidence,2025-05-04,-1,HU,quantile,0.95,918.4291812427684
2025-05-21,ARI incidence,2025-05-11,0,HU,quantile,0.95,878.3190917287827
2025-05-21,ARI incidence,2025-05-18,1,HU,quantile,0.95,858.2032172308164
2025-05-21,ARI incidence,2025-05-25,2,HU,quantile,0.95,849.5514284644997
2025-05-21,ARI incidence,2025-06-01,3,HU,quantile,0.95,847.2351942532198
2025-05-21,ARI incidence,2025-06-08,4,HU,quantile,0.95,846.3777541360155
2025-05-21,ARI incidence,2025-05-04,-1,HU,quantile,0.975,925.921954349459
2025-05-21,ARI incidence,2025-05-11,0,HU,quantile,0.975,881.6748920621292
2025-05-21,ARI incidence,2025-05-18,1,HU,quantile,0.975,860.6179053740083
2025-05-21,ARI incidence,2025-05-25,2,HU,quantile,0.975,852.6739028355094
2025-05-21,ARI incidence,2025-06-01,3,HU,quantile,0.975,849.4786156007808
2025-05-21,ARI incidence,2025-06-08,4,HU,quantile,0.975,848.0469083161662
2025-05-21,ARI incidence,2025-05-04,-1,HU,quantile,0.99,936.0576507325508
2025-05-21,ARI incidence,2025-05-11,0,HU,quantile,0.99,895.3748626279377
2025-05-21,ARI incidence,2025-05-18,1,HU,quantile,0.99,870.3383779932607
2025-05-21,ARI incidence,2025-05-25,2,HU,quantile,0.99,857.4289886142222
2025-05-21,ARI incidence,2025-06-01,3,HU,quantile,0.99,851.4427300605731
2025-05-21,ARI incidence,2025-06-08,4,HU,quantile,0.99,848.5345566044145
2025-05-21,ARI incidence,2025-05-04,-1,IE,quantile,0.01,31.504573386995432
2025-05-21,ARI incidence,2025-05-11,0,IE,quantile,0.01,28.112023875944217
2025-05-21,ARI incidence,2025-05-18,1,IE,quantile,0.01,23.969969136950617
2025-05-21,ARI incidence,2025-05-25,2,IE,quantile,0.01,19.87585583331747
2025-05-21,ARI incidence,2025-06-01,3,IE,quantile,0.01,16.850420758045374
2025-05-21,ARI incidence,2025-06-08,4,IE,quantile,0.01,13.304267300827524
2025-05-21,ARI incidence,2025-05-04,-1,IE,quantile,0.025,31.712313864126
2025-05-21,ARI incidence,2025-05-11,0,IE,quantile,0.025,28.226626057032192
2025-05-21,ARI incidence,2025-05-18,1,IE,quantile,0.025,24.44252657210634
2025-05-21,ARI incidence,2025-05-25,2,IE,quantile,0.025,20.319755033503785
2025-05-21,ARI incidence,2025-06-01,3,IE,quantile,0.025,16.976402422769556
2025-05-21,ARI incidence,2025-06-08,4,IE,quantile,0.025,14.049527691553244
2025-05-21,ARI incidence,2025-05-04,-1,IE,quantile,0.05,32.05660335464819
2025-05-21,ARI incidence,2025-05-11,0,IE,quantile,0.05,28.47064169221528
2025-05-21,ARI incidence,2025-05-18,1,IE,quantile,0.05,25.11098079638917
2025-05-21,ARI incidence,2025-05-25,2,IE,quantile,0.05,21.64471801676031
2025-05-21,ARI incidence,2025-06-01,3,IE,quantile,0.05,18.07884758188157
2025-05-21,ARI incidence,2025-06-08,4,IE,quantile,0.05,16.206026952596073
2025-05-21,ARI incidence,2025-05-04,-1,IE,quantile,0.1,32.39400081221507
2025-05-21,ARI incidence,2025-05-11,0,IE,quantile,0.1,29.24207972800921
2025-05-21,ARI incidence,2025-05-18,1,IE,quantile,0.1,26.224385718905985
2025-05-21,ARI incidence,2025-05-25,2,IE,quantile,0.1,22.949194843505737
2025-05-21,ARI incidence,2025-06-01,3,IE,quantile,0.1,19.73759297730877
2025-05-21,ARI incidence,2025-06-08,4,IE,quantile,0.1,16.882371792502937
2025-05-21,ARI incidence,2025-05-04,-1,IE,quantile,0.15,32.66153591390617
2025-05-21,ARI incidence,2025-05-11,0,IE,quantile,0.15,30.01983010407469
2025-05-21,ARI incidence,2025-05-18,1,IE,quantile,0.15,26.5695171393165
2025-05-21,ARI incidence,2025-05-25,2,IE,quantile,0.15,23.969758471063884
2025-05-21,ARI incidence,2025-06-01,3,IE,quantile,0.15,20.61877600180404
2025-05-21,ARI incidence,2025-06-08,4,IE,quantile,0.15,18.138435507922395
2025-05-21,ARI incidence,2025-05-04,-1,IE,quantile,0.2,32.87206673626739
2025-05-21,ARI incidence,2025-05-11,0,IE,quantile,0.2,30.20211992059188
2025-05-21,ARI incidence,2025-05-18,1,IE,quantile,0.2,27.30272961279963
2025-05-21,ARI incidence,2025-05-25,2,IE,quantile,0.2,24.53962770499045
2025-05-21,ARI incidence,2025-06-01,3,IE,quantile,0.2,21.666855616294203
2025-05-21,ARI incidence,2025-06-08,4,IE,quantile,0.2,19.645739731480912
2025-05-21,ARI incidence,2025-05-04,-1,IE,quantile,0.25,33.10100981696357
2025-05-21,ARI incidence,2025-05-11,0,IE,quantile,0.25,30.38022303183869
2025-05-21,ARI incidence,2025-05-18,1,IE,quantile,0.25,27.590777967354587
2025-05-21,ARI incidence,2025-05-25,2,IE,quantile,0.25,24.859923931027
2025-05-21,ARI incidence,2025-06-01,3,IE,quantile,0.25,22.808944205464417
2025-05-21,ARI incidence,2025-06-08,4,IE,quantile,0.25,20.653987260729643
2025-05-21,ARI incidence,2025-05-04,-1,IE,quantile,0.3,33.43450084594787
2025-05-21,ARI incidence,2025-05-11,0,IE,quantile,0.3,30.584785060391862
2025-05-21,ARI incidence,2025-05-18,1,IE,quantile,0.3,27.84110083168485
2025-05-21,ARI incidence,2025-05-25,2,IE,quantile,0.3,25.285950918565103
2025-05-21,ARI incidence,2025-06-01,3,IE,quantile,0.3,23.21567996525697
2025-05-21,ARI incidence,2025-06-08,4,IE,quantile,0.3,21.495221372427384
2025-05-21,ARI incidence,2025-05-04,-1,IE,quantile,0.35,33.77026189911343
2025-05-21,ARI incidence,2025-05-11,0,IE,quantile,0.35,30.94898272369592
2025-05-21,ARI incidence,2025-05-18,1,IE,quantile,0.35,28.120097571053403
2025-05-21,ARI incidence,2025-05-25,2,IE,quantile,0.35,25.69981927999026
2025-05-21,ARI incidence,2025-06-01,3,IE,quantile,0.35,23.5171913703564
2025-05-21,ARI incidence,2025-06-08,4,IE,quantile,0.35,21.95625617640624
2025-05-21,ARI incidence,2025-05-04,-1,IE,quantile,0.4,34.14456407842728
2025-05-21,ARI incidence,2025-05-11,0,IE,quantile,0.4,31.076122799537583
2025-05-21,ARI incidence,2025-05-18,1,IE,quantile,0.4,28.306308139719285
2025-05-21,ARI incidence,2025-05-25,2,IE,quantile,0.4,26.19564855998815
2025-05-21,ARI incidence,2025-06-01,3,IE,quantile,0.4,24.24096468834044
2025-05-21,ARI incidence,2025-06-08,4,IE,quantile,0.4,22.28727474690375
2025-05-21,ARI incidence,2025-05-04,-1,IE,quantile,0.45,34.235121021666195
2025-05-21,ARI incidence,2025-05-11,0,IE,quantile,0.45,31.25494637624145
2025-05-21,ARI incidence,2025-05-18,1,IE,quantile,0.45,28.71833076568427
2025-05-21,ARI incidence,2025-05-25,2,IE,quantile,0.45,26.65393466087576
2025-05-21,ARI incidence,2025-06-01,3,IE,quantile,0.45,24.657440125934848
2025-05-21,ARI incidence,2025-06-08,4,IE,quantile,0.45,23.02055829880016
2025-05-21,ARI incidence,2025-05-04,-1,IE,quantile,0.5,34.50837482366991
2025-05-21,ARI incidence,2025-05-11,0,IE,quantile,0.5,31.54614460236633
2025-05-21,ARI incidence,2025-05-18,1,IE,quantile,0.5,29.2021565584161
2025-05-21,ARI incidence,2025-05-25,2,IE,quantile,0.5,27.016408132328834
2025-05-21,ARI incidence,2025-06-01,3,IE,quantile,0.5,24.974172355214787
2025-05-21,ARI incidence,2025-06-08,4,IE,quantile,0.5,23.48756540184177
2025-05-21,ARI incidence,2025-05-04,-1,IE,quantile,0.55,34.680751367472595
2025-05-21,ARI incidence,2025-05-11,0,IE,quantile,0.55,31.804226604624244
2025-05-21,ARI incidence,2025-05-18,1,IE,quantile,0.55,29.73625379831949
2025-05-21,ARI incidence,2025-05-25,2,IE,quantile,0.55,27.62946799406816
2025-05-21,ARI incidence,2025-06-01,3,IE,quantile,0.55,25.49452980035718
2025-05-21,ARI incidence,2025-06-08,4,IE,quantile,0.55,23.956744217500336
2025-05-21,ARI incidence,2025-05-04,-1,IE,quantile,0.6,35.107503425797795
2025-05-21,ARI incidence,2025-05-11,0,IE,quantile,0.6,32.14074644265562
2025-05-21,ARI incidence,2025-05-18,1,IE,quantile,0.6,29.949046574792323
2025-05-21,ARI incidence,2025-05-25,2,IE,quantile,0.6,27.99326030738404
2025-05-21,ARI incidence,2025-06-01,3,IE,quantile,0.6,26.10295127553769
2025-05-21,ARI incidence,2025-06-08,4,IE,quantile,0.6,24.72649896985273
2025-05-21,ARI incidence,2025-05-04,-1,IE,quantile,0.65,35.33312063450821
2025-05-21,ARI incidence,2025-05-11,0,IE,quantile,0.65,32.388987689801375
2025-05-21,ARI incidence,2025-05-18,1,IE,quantile,0.65,30.22072335876416
2025-05-21,ARI incidence,2025-05-25,2,IE,quantile,0.65,28.68607758065228
2025-05-21,ARI incidence,2025-06-01,3,IE,quantile,0.65,27.00583065807496
2025-05-21,ARI incidence,2025-06-08,4,IE,quantile,0.65,25.23209821364572
2025-05-21,ARI incidence,2025-05-04,-1,IE,quantile,0.7,35.746145193635336
2025-05-21,ARI incidence,2025-05-11,0,IE,quantile,0.7,32.77698212146544
2025-05-21,ARI incidence,2025-05-18,1,IE,quantile,0.7,30.647281444172176
2025-05-21,ARI incidence,2025-05-25,2,IE,quantile,0.7,28.944656776177023
2025-05-21,ARI incidence,2025-06-01,3,IE,quantile,0.7,27.28522717464776
2025-05-21,ARI incidence,2025-06-08,4,IE,quantile,0.7,26.13661238410332
2025-05-21,ARI incidence,2025-05-04,-1,IE,quantile,0.75,36.05669677813601
2025-05-21,ARI incidence,2025-05-11,0,IE,quantile,0.75,33.100253496816926
2025-05-21,ARI incidence,2025-05-18,1,IE,quantile,0.75,30.79424745337573
2025-05-21,ARI incidence,2025-05-25,2,IE,quantile,0.75,29.14666264949763
2025-05-21,ARI incidence,2025-06-01,3,IE,quantile,0.75,27.940188990777845
2025-05-21,ARI incidence,2025-06-08,4,IE,quantile,0.75,26.52616296791251
2025-05-21,ARI incidence,2025-05-04,-1,IE,quantile,0.8,36.42019477625677
2025-05-21,ARI incidence,2025-05-11,0,IE,quantile,0.8,33.36815919400974
2025-05-21,ARI incidence,2025-05-18,1,IE,quantile,0.8,31.52658754502585
2025-05-21,ARI incidence,2025-05-25,2,IE,quantile,0.8,29.44408863309429
2025-05-21,ARI incidence,2025-06-01,3,IE,quantile,0.8,28.27459737683681
2025-05-21,ARI incidence,2025-06-08,4,IE,quantile,0.8,27.127674250011708
2025-05-21,ARI incidence,2025-05-04,-1,IE,quantile,0.85,36.778005672563
2025-05-21,ARI incidence,2025-05-11,0,IE,quantile,0.85,33.95886130707901
2025-05-21,ARI incidence,2025-05-18,1,IE,quantile,0.85,31.614080757841904
2025-05-21,ARI incidence,2025-05-25,2,IE,quantile,0.85,29.79457515048875
2025-05-21,ARI incidence,2025-06-01,3,IE,quantile,0.85,28.473249099530168
2025-05-21,ARI incidence,2025-06-08,4,IE,quantile,0.85,27.97417647896228
2025-05-21,ARI incidence,2025-05-04,-1,IE,quantile,0.9,37.271808984197136
2025-05-21,ARI incidence,2025-05-11,0,IE,quantile,0.9,34.41041406975683
2025-05-21,ARI incidence,2025-05-18,1,IE,quantile,0.9,31.940975969151143
2025-05-21,ARI incidence,2025-05-25,2,IE,quantile,0.9,30.157561602081028
2025-05-21,ARI incidence,2025-06-01,3,IE,quantile,0.9,28.95369859237245
2025-05-21,ARI incidence,2025-06-08,4,IE,quantile,0.9,28.385629766897083
2025-05-21,ARI incidence,2025-05-04,-1,IE,quantile,0.95,38.13506681502529
2025-05-21,ARI incidence,2025-05-11,0,IE,quantile,0.95,34.79310835966839
2025-05-21,ARI incidence,2025-05-18,1,IE,quantile,0.95,32.46438422833732
2025-05-21,ARI incidence,2025-05-25,2,IE,quantile,0.95,31.569518664599368
2025-05-21,ARI incidence,2025-06-01,3,IE,quantile,0.95,30.271587861565617
2025-05-21,ARI incidence,2025-06-08,4,IE,quantile,0.95,29.322340747386573
2025-05-21,ARI incidence,2025-05-04,-1,IE,quantile,0.975,38.40531661557348
2025-05-21,ARI incidence,2025-05-11,0,IE,quantile,0.975,34.868619084267344
2025-05-21,ARI incidence,2025-05-18,1,IE,quantile,0.975,32.996989390558674
2025-05-21,ARI incidence,2025-05-25,2,IE,quantile,0.975,31.81129463465293
2025-05-21,ARI incidence,2025-06-01,3,IE,quantile,0.975,31.279152577907045
2025-05-21,ARI incidence,2025-06-08,4,IE,quantile,0.975,30.999030074914405
2025-05-21,ARI incidence,2025-05-04,-1,IE,quantile,0.99,39.05121928546592
2025-05-21,ARI incidence,2025-05-11,0,IE,quantile,0.99,35.25146715227056
2025-05-21,ARI incidence,2025-05-18,1,IE,quantile,0.99,33.19650954480658
2025-05-21,ARI incidence,2025-05-25,2,IE,quantile,0.99,31.974457128728737
2025-05-21,ARI incidence,2025-06-01,3,IE,quantile,0.99,31.623957218466376
2025-05-21,ARI incidence,2025-06-08,4,IE,quantile,0.99,31.32021193216454
2025-05-21,ARI incidence,2025-05-04,-1,RO,quantile,0.01,465.6442912454408
2025-05-21,ARI incidence,2025-05-11,0,RO,quantile,0.01,421.76839804403926
2025-05-21,ARI incidence,2025-05-18,1,RO,quantile,0.01,383.29687702374986
2025-05-21,ARI incidence,2025-05-25,2,RO,quantile,0.01,356.016616044714
2025-05-21,ARI incidence,2025-06-01,3,RO,quantile,0.01,336.66992325602314
2025-05-21,ARI incidence,2025-06-08,4,RO,quantile,0.01,324.2425063073688
2025-05-21,ARI incidence,2025-05-04,-1,RO,quantile,0.025,468.68174717717255
2025-05-21,ARI incidence,2025-05-11,0,RO,quantile,0.025,422.6557220852884
2025-05-21,ARI incidence,2025-05-18,1,RO,quantile,0.025,387.2814361243121
2025-05-21,ARI incidence,2025-05-25,2,RO,quantile,0.025,357.37578249559294
2025-05-21,ARI incidence,2025-06-01,3,RO,quantile,0.025,337.73458719112915
2025-05-21,ARI incidence,2025-06-08,4,RO,quantile,0.025,325.90778526450447
2025-05-21,ARI incidence,2025-05-04,-1,RO,quantile,0.05,471.2662098747023
2025-05-21,ARI incidence,2025-05-11,0,RO,quantile,0.05,424.7400439469748
2025-05-21,ARI incidence,2025-05-18,1,RO,quantile,0.05,388.56611434684703
2025-05-21,ARI incidence,2025-05-25,2,RO,quantile,0.05,360.1254155832694
2025-05-21,ARI incidence,2025-06-01,3,RO,quantile,0.05,341.2634653959826
2025-05-21,ARI incidence,2025-06-08,4,RO,quantile,0.05,327.27064330944347
2025-05-21,ARI incidence,2025-05-04,-1,RO,quantile,0.1,473.4799733724
2025-05-21,ARI incidence,2025-05-11,0,RO,quantile,0.1,427.10146605171445
2025-05-21,ARI incidence,2025-05-18,1,RO,quantile,0.1,390.9474827845815
2025-05-21,ARI incidence,2025-05-25,2,RO,quantile,0.1,364.3388028708081
2025-05-21,ARI incidence,2025-06-01,3,RO,quantile,0.1,343.4077991633678
2025-05-21,ARI incidence,2025-06-08,4,RO,quantile,0.1,332.0854376564167
2025-05-21,ARI incidence,2025-05-04,-1,RO,quantile,0.15,474.0210746453893
2025-05-21,ARI incidence,2025-05-11,0,RO,quantile,0.15,429.0306580678194
2025-05-21,ARI incidence,2025-05-18,1,RO,quantile,0.15,393.5084911869543
2025-05-21,ARI incidence,2025-05-25,2,RO,quantile,0.15,367.64994795313913
2025-05-21,ARI incidence,2025-06-01,3,RO,quantile,0.15,348.45564489624087
2025-05-21,ARI incidence,2025-06-08,4,RO,quantile,0.15,335.28722590731803
2025-05-21,ARI incidence,2025-05-04,-1,RO,quantile,0.2,474.4907917226965
2025-05-21,ARI incidence,2025-05-11,0,RO,quantile,0.2,430.2831298538679
2025-05-21,ARI incidence,2025-05-18,1,RO,quantile,0.2,395.2880465019033
2025-05-21,ARI incidence,2025-05-25,2,RO,quantile,0.2,369.1903122162778
2025-05-21,ARI incidence,2025-06-01,3,RO,quantile,0.2,350.288844988302
2025-05-21,ARI incidence,2025-06-08,4,RO,quantile,0.2,337.42394552425213
2025-05-21,ARI incidence,2025-05-04,-1,RO,quantile,0.25,475.1830456030119
2025-05-21,ARI incidence,2025-05-11,0,RO,quantile,0.25,431.18265254362905
2025-05-21,ARI incidence,2025-05-18,1,RO,quantile,0.25,397.0133734883905
2025-05-21,ARI incidence,2025-05-25,2,RO,quantile,0.25,371.3047454868544
2025-05-21,ARI incidence,2025-06-01,3,RO,quantile,0.25,352.0299119376598
2025-05-21,ARI incidence,2025-06-08,4,RO,quantile,0.25,338.74920694738785
2025-05-21,ARI incidence,2025-05-04,-1,RO,quantile,0.3,476.0718908935317
2025-05-21,ARI incidence,2025-05-11,0,RO,quantile,0.3,431.96348055448
2025-05-21,ARI incidence,2025-05-18,1,RO,quantile,0.3,397.7988035388295
2025-05-21,ARI incidence,2025-05-25,2,RO,quantile,0.3,372.6593034262661
2025-05-21,ARI incidence,2025-06-01,3,RO,quantile,0.3,354.039992997098
2025-05-21,ARI incidence,2025-06-08,4,RO,quantile,0.3,340.6310790873459
2025-05-21,ARI incidence,2025-05-04,-1,RO,quantile,0.35,477.2619644395667
2025-05-21,ARI incidence,2025-05-11,0,RO,quantile,0.35,432.6428142861844
2025-05-21,ARI incidence,2025-05-18,1,RO,quantile,0.35,398.549288426222
2025-05-21,ARI incidence,2025-05-25,2,RO,quantile,0.35,373.5472924120872
2025-05-21,ARI incidence,2025-06-01,3,RO,quantile,0.35,354.7731746619912
2025-05-21,ARI incidence,2025-06-08,4,RO,quantile,0.35,342.2081992043899
2025-05-21,ARI incidence,2025-05-04,-1,RO,quantile,0.4,478.1872835868817
2025-05-21,ARI incidence,2025-05-11,0,RO,quantile,0.4,433.1007378386877
2025-05-21,ARI incidence,2025-05-18,1,RO,quantile,0.4,399.8535355051352
2025-05-21,ARI incidence,2025-05-25,2,RO,quantile,0.4,374.6546671649035
2025-05-21,ARI incidence,2025-06-01,3,RO,quantile,0.4,357.0753605197899
2025-05-21,ARI incidence,2025-06-08,4,RO,quantile,0.4,343.8080200153121
2025-05-21,ARI incidence,2025-05-04,-1,RO,quantile,0.45,479.21369828887606
2025-05-21,ARI incidence,2025-05-11,0,RO,quantile,0.45,434.06779620301137
2025-05-21,ARI incidence,2025-05-18,1,RO,quantile,0.45,400.17358198042905
2025-05-21,ARI incidence,2025-05-25,2,RO,quantile,0.45,375.3852214349905
2025-05-21,ARI incidence,2025-06-01,3,RO,quantile,0.45,358.1622042000912
2025-05-21,ARI incidence,2025-06-08,4,RO,quantile,0.45,346.5129443760717
2025-05-21,ARI incidence,2025-05-04,-1,RO,quantile,0.5,479.6946210981224
2025-05-21,ARI incidence,2025-05-11,0,RO,quantile,0.5,435.0641825959972
2025-05-21,ARI incidence,2025-05-18,1,RO,quantile,0.5,400.91928888051234
2025-05-21,ARI incidence,2025-05-25,2,RO,quantile,0.5,377.0158182558089
2025-05-21,ARI incidence,2025-06-01,3,RO,quantile,0.5,359.92400550133715
2025-05-21,ARI incidence,2025-06-08,4,RO,quantile,0.5,348.83369682390503
2025-05-21,ARI incidence,2025-05-04,-1,RO,quantile,0.55,479.9707727331406
2025-05-21,ARI incidence,2025-05-11,0,RO,quantile,0.55,435.8548549398042
2025-05-21,ARI incidence,2025-05-18,1,RO,quantile,0.55,402.4279057638156
2025-05-21,ARI incidence,2025-05-25,2,RO,quantile,0.55,377.7482705336608
2025-05-21,ARI incidence,2025-06-01,3,RO,quantile,0.55,361.063999489548
2025-05-21,ARI incidence,2025-06-08,4,RO,quantile,0.55,349.9538051172583
2025-05-21,ARI incidence,2025-05-04,-1,RO,quantile,0.6,480.27714069190506
2025-05-21,ARI incidence,2025-05-11,0,RO,quantile,0.6,437.2802616316744
2025-05-21,ARI incidence,2025-05-18,1,RO,quantile,0.6,402.9738969134456
2025-05-21,ARI incidence,2025-05-25,2,RO,quantile,0.6,379.3749172280196
2025-05-21,ARI incidence,2025-06-01,3,RO,quantile,0.6,362.7506802370972
2025-05-21,ARI incidence,2025-06-08,4,RO,quantile,0.6,350.8592761471752
2025-05-21,ARI incidence,2025-05-04,-1,RO,quantile,0.65,480.7758875678749
2025-05-21,ARI incidence,2025-05-11,0,RO,quantile,0.65,437.7422072737213
2025-05-21,ARI incidence,2025-05-18,1,RO,quantile,0.65,404.3453672526834
2025-05-21,ARI incidence,2025-05-25,2,RO,quantile,0.65,380.1991978517222
2025-05-21,ARI incidence,2025-06-01,3,RO,quantile,0.65,364.1632720034538
2025-05-21,ARI incidence,2025-06-08,4,RO,quantile,0.65,353.1758857505616
2025-05-21,ARI incidence,2025-05-04,-1,RO,quantile,0.7,481.4604408094858
2025-05-21,ARI incidence,2025-05-11,0,RO,quantile,0.7,438.8567045286538
2025-05-21,ARI incidence,2025-05-18,1,RO,quantile,0.7,405.3899828342623
2025-05-21,ARI incidence,2025-05-25,2,RO,quantile,0.7,381.6845287693984
2025-05-21,ARI incidence,2025-06-01,3,RO,quantile,0.7,365.1889513854277
2025-05-21,ARI incidence,2025-06-08,4,RO,quantile,0.7,354.17978637092864
2025-05-21,ARI incidence,2025-05-04,-1,RO,quantile,0.75,482.9927722263985
2025-05-21,ARI incidence,2025-05-11,0,RO,quantile,0.75,439.3797557972088
2025-05-21,ARI incidence,2025-05-18,1,RO,quantile,0.75,406.638224740702
2025-05-21,ARI incidence,2025-05-25,2,RO,quantile,0.75,383.6631591413283
2025-05-21,ARI incidence,2025-06-01,3,RO,quantile,0.75,366.167933300094
2025-05-21,ARI incidence,2025-06-08,4,RO,quantile,0.75,355.7429480351128
2025-05-21,ARI incidence,2025-05-04,-1,RO,quantile,0.8,484.2953501437967
2025-05-21,ARI incidence,2025-05-11,0,RO,quantile,0.8,439.97111461424464
2025-05-21,ARI incidence,2025-05-18,1,RO,quantile,0.8,407.8759892154583
2025-05-21,ARI incidence,2025-05-25,2,RO,quantile,0.8,384.7886072231237
2025-05-21,ARI incidence,2025-06-01,3,RO,quantile,0.8,367.3683605523807
2025-05-21,ARI incidence,2025-06-08,4,RO,quantile,0.8,356.13744844647266
2025-05-21,ARI incidence,2025-05-04,-1,RO,quantile,0.85,486.0372405860083
2025-05-21,ARI incidence,2025-05-11,0,RO,quantile,0.85,440.8232478638111
2025-05-21,ARI incidence,2025-05-18,1,RO,quantile,0.85,408.2886227436577
2025-05-21,ARI incidence,2025-05-25,2,RO,quantile,0.85,385.3218127472407
2025-05-21,ARI incidence,2025-06-01,3,RO,quantile,0.85,369.5868061290907
2025-05-21,ARI incidence,2025-06-08,4,RO,quantile,0.85,358.40626516256737
2025-05-21,ARI incidence,2025-05-04,-1,RO,quantile,0.9,487.381929166326
2025-05-21,ARI incidence,2025-05-11,0,RO,quantile,0.9,441.7633805937597
2025-05-21,ARI incidence,2025-05-18,1,RO,quantile,0.9,410.277549437017
2025-05-21,ARI incidence,2025-05-25,2,RO,quantile,0.9,386.65469704526384
2025-05-21,ARI incidence,2025-06-01,3,RO,quantile,0.9,370.8328323995327
2025-05-21,ARI incidence,2025-06-08,4,RO,quantile,0.9,360.4813861226762
2025-05-21,ARI incidence,2025-05-04,-1,RO,quantile,0.95,489.252344528384
2025-05-21,ARI incidence,2025-05-11,0,RO,quantile,0.95,445.347198304445
2025-05-21,ARI incidence,2025-05-18,1,RO,quantile,0.95,412.3107012960407
2025-05-21,ARI incidence,2025-05-25,2,RO,quantile,0.95,388.9883450923025
2025-05-21,ARI incidence,2025-06-01,3,RO,quantile,0.95,373.0321624524004
2025-05-21,ARI incidence,2025-06-08,4,RO,quantile,0.95,362.9332538702588
2025-05-21,ARI incidence,2025-05-04,-1,RO,quantile,0.975,490.52084176948193
2025-05-21,ARI incidence,2025-05-11,0,RO,quantile,0.975,445.9333772644648
2025-05-21,ARI incidence,2025-05-18,1,RO,quantile,0.975,412.9687224869107
2025-05-21,ARI incidence,2025-05-25,2,RO,quantile,0.975,391.21380343163634
2025-05-21,ARI incidence,2025-06-01,3,RO,quantile,0.975,374.8122798113423
2025-05-21,ARI incidence,2025-06-08,4,RO,quantile,0.975,363.9250235404488
2025-05-21,ARI incidence,2025-05-04,-1,RO,quantile,0.99,494.87017618279145
2025-05-21,ARI incidence,2025-05-11,0,RO,quantile,0.99,446.1650625789561
2025-05-21,ARI incidence,2025-05-18,1,RO,quantile,0.99,415.0149855413354
2025-05-21,ARI incidence,2025-05-25,2,RO,quantile,0.99,392.4787708862493
2025-05-21,ARI incidence,2025-06-01,3,RO,quantile,0.99,377.19041506888806
2025-05-21,ARI incidence,2025-06-08,4,RO,quantile,0.99,367.7771409113779
